UNKNOWN                 
1 81036U          19289.39378439  .00001433  00000+0  28329-2 0  9999
2 81036  65.9910  59.5351 2725171 346.0986   7.7304  9.12307218195985
UNKNOWN                 
1 81037U          19285.82179474  .00002792  00000+0  26124-3 0  9993
2 81037  62.2049  73.2279 0252351 158.2648 202.9374 14.75553731874643
UNKNOWN                 
1 81052U          19283.71330299  .00000161  00000+0  82239-4 0  9998
2 81052  65.7810 176.4672 0656348 305.3462  48.7914 13.60048584292176
UNKNOWN                 
1 81067U          19291.20014874  .00001028  00000+0  57055-3 0  9995
2 81067  99.1074  18.8417 0055733 211.6709 148.1105 14.12724306244507
UNKNOWN                 
1 81069U          19289.20801591  .00000877  00000+0  15335-2 0  9999
2 81069 100.3214  74.3644 0068965 102.3135 258.5726 13.45622745212238
UNKNOWN                 
1 81073U          19292.19520802  .00003915  00000+0  49029-2 0  9992
2 81073  61.5444 159.2405 4738875 146.9319 254.6051  5.82356650468973
UNKNOWN                 
1 81096U 83075    19291.30416492  .00001369  00000+0  11398-3 0  9991
2 81096  97.4033 235.7417 0200550 139.9499 221.6704 14.85844266272008
UNKNOWN                 
1 81111U          19292.37429299  .00063487  00000+0  16040-2 0  9990
2 81111  62.7544  46.7783 4899439 271.7790  35.1166  5.90972316118752
UNKNOWN                 
1 81114U          19291.34995427  .00017784  00000+0  48460-3 0  9991
2 81114  63.0201 265.7957 0012012  84.3607 275.8880 15.37545416286773
UNKNOWN                 
1 81122U          19290.07865571  .00001853  00000+0  82135-3 0  9992
2 81122  97.6324  34.5912 0284371 112.3008 250.8573 14.04603168257693
UNKNOWN                 
1 81123U 70025    19288.99040735  .00000126  00000+0  17642-3 0  9995
2 81123  99.9615 215.8539 0003843  65.4716 294.6833 13.77256807296295
UNKNOWN                 
1 81134U          19291.35903692  .00000093  00000+0  31773-3 0  9991
2 81134  90.2995 308.6300 0028643 143.2503 217.0586 12.92257495172290
UNKNOWN                 
1 81161U          19291.40406827  .00000705  00000+0  83223-3 0  9992
2 81161 100.4052 270.6568 0063319 179.9713 180.1445 13.71176018247836
UNKNOWN                 
1 81182U          19290.97592742  .00042995  00000+0  35869-2 0  9997
2 81182  51.3689 143.3757 1629166 173.8428 188.5435 12.03052503192656
UNKNOWN                 
1 81219U 81053    19291.14280450  .00000186  00000+0  16556-3 0  9994
2 81219  82.9267 249.6681 0024485  58.0453 302.3082 13.79499113297464
UNKNOWN                 
1 81221U          19283.01452534  .00000834  00000+0  41087-3 0  9998
2 81221  98.8231 210.8647 0117389 351.3834   8.5324 14.16708399204153
UNKNOWN                 
1 81228U          19292.01397220 -.00001290  00000+0 -57568-3 0  9995
2 81228  70.5319 149.1906 0081286  44.2881 316.4706 14.18865702306008
UNKNOWN                 
1 81241U          19289.76025483  .00001003  00000+0  53754-3 0  9990
2 81241  81.2249 307.7963 0033300 180.3970 179.7182 14.12128073156316
UNKNOWN                 
1 81247U 81053    19291.61863017  .00001538  00000+0  42348-3 0  9993
2 81247  83.2457 258.2585 0034619  81.8415 278.6705 14.45996431310362
UNKNOWN                 
1 81254U 70025    19284.26276098  .00000877  00000+0  72400-3 0  9995
2 81254 100.3713  35.0797 0075461 210.1535 149.5266 13.91077030298629
UNKNOWN                 
1 81264U          19281.39355654  .00000919  00000+0  19702-3 0  9992
2 81264  99.4313 142.1126 0106946 330.0380  29.4721 14.58294024279150
UNKNOWN                 
1 81279U          19292.43196483  .00000244  00000+0  11758-3 0  9992
2 81279  98.1072 156.9024 0225142  81.8275 280.8369 14.13500595144817
UNKNOWN                 
1 81301U          19285.39539439 -.00000020  00000+0  54259-4 0  9994
2 81301  66.7580 269.3605 0095952 302.8339 208.0354 13.75321541296388
UNKNOWN                 
1 81311U 90105    19292.05231806  .00000056  00000+0  23790-4 0  9992
2 81311  98.6658 213.8785 0139888 117.8613 301.4592 14.52918243313107
UNKNOWN                 
1 81317U 80089    19289.07118465 -.00000001  00000+0  10513-3 0  9990
2 81317  67.1370  84.4855 0217360 165.2270 310.5236 13.37032758287817
UNKNOWN                 
1 81323U          19289.28145800  .00001292  00000+0  30268-3 0  9999
2 81323  65.7784 243.4193 0500202  29.9546 332.9169 14.01946169795315
UNKNOWN                 
1 81329U          19291.12490301 -.00000067  00000+0  92171-5 0  9993
2 81329  65.8268 174.8542 0881995 317.5577 202.6681 13.12522358320479
UNKNOWN                 
1 81338U          19291.10124706  .00014276  00000+0  97988-3 0  9999
2 81338  74.0227 178.9712 0016074 107.4661 252.8288 15.05901898224330
UNKNOWN                 
1 81341U          19269.82260593 -.00000989  00000+0 -27661-2 0  9990
2 81341  99.5682 127.2673 0381901 219.1934 138.0933 12.86907716230770
UNKNOWN                 
1 81342U          19263.66036821  .00000700  00000+0  44072-3 0  9997
2 81342  70.9025  21.0037 0159835 146.6264 214.5052 14.01611764297701
UNKNOWN                 
1 81343U          19289.46124429  .00000287  00000+0  30514-4 0  9993
2 81343  85.8743 294.3620 0009463 320.7107  39.3429 14.84834100119457
UNKNOWN                 
1 81357U          19292.03710700  .00001205  00000+0  12491-3 0  9992
2 81357  97.5266 218.8540 0204054 290.0790  67.8564 14.77784416201975
UNKNOWN                 
1 81359U          19290.61073710  .00000265  00000+0  33739-3 0  9992
2 81359  66.8030   8.6737 0116154  55.7973 305.4040 13.74878571296134
UNKNOWN                 
1 81361U          19291.68952141  .00049828  00000+0  24395-2 0  9992
2 81361  98.4778  90.7142 0018894 349.9890  10.0961 15.17843830317209
UNKNOWN                 
1 81366U          19292.50842031 -.00000007  00000+0  31405-4 0  9994
2 81366  65.8854 310.3186 0736106  75.8689 292.2969 13.38744195765091
UNKNOWN                 
1 81371U          19292.54729287  .00000409  00000-0  97306-4 0  9999
2 81371  98.8041 201.7946 0089550  51.6651 309.2552 14.57260070313872
UNKNOWN                 
1 81374U          19283.68614556  .00001331  00000+0  49781-3 0  9996
2 81374  65.7323  24.6905 0056747 256.5507 102.9257 14.34279416259403
UNKNOWN                 
1 81380U          19289.54665460  .00001519  00000+0  52612-3 0  9999
2 81380  99.8578  47.4807 0004654 121.2670 238.8969 14.37473308294129
UNKNOWN                 
1 81386U          19289.10437463  .00001014  00000+0  50094-3 0  9999
2 81386  71.0556  80.1296 0124568 325.0988  34.2011 14.15814123304546
UNKNOWN                 
1 81390U          19278.65894601 -.00000509  00000+0 -35265-2 0  9995
2 81390 103.0963 347.8206 0177278 132.1590 229.4677 12.33946809221139
UNKNOWN                 
1 81391U          19290.64070575  .00002058  00000+0  95314-3 0  9996
2 81391  81.2102  37.5034 0016954 125.8826 234.3928 14.20426300260952
UNKNOWN                 
1 81392U          19292.17802177  .00001119  00000+0  13845-2 0  9993
2 81392 100.4327  59.0489 0049837 270.7618 212.1452 13.67152507294154
UNKNOWN                 
1 81402U          19290.25922520  .00001851  00000+0  80828-3 0  9996
2 81402  98.7596 303.2926 0006989 189.0012 171.1043 14.25074145124512
UNKNOWN                 
1 81405U          19286.75194045  .00000350  00000+0  32653-3 0  9998
2 81405  99.5147 268.7930 0171018  68.0950 293.8288 13.82323230250178
UNKNOWN                 
1 81406U          19265.39592354  .00000026  00000+0  46251-4 0  9991
2 81406  65.8173 184.3863 0899405 240.7670 110.0543 13.04498328236642
UNKNOWN                 
1 81409U 87068    19291.00323580  .00001545  00000+0  58920-3 0  9995
2 81409  82.6649 297.4880 0064955  76.0952 284.7447 14.29130580306946
UNKNOWN                 
1 81418U          19290.27344324  .00000568  00000+0  12185-2 0  9999
2 81418 100.3231  48.8382 0061491 234.6182 124.9186 13.34332992 98887
UNKNOWN                 
1 81425U          19290.73595570  .00001121  00000+0  14258-2 0  9998
2 81425  99.4198  29.9064 0090149 136.6015 224.2271 13.63819551134614
UNKNOWN                 
1 81427U          19284.96919758  .00000621  00000+0  41385-3 0  9992
2 81427  98.8961 194.4604 0087301 220.5042 138.9605 14.03048225235446
UNKNOWN                 
1 81438U          19286.34322829 -.00000755  00000+0 -11883-2 0  9994
2 81438 100.2958  60.8703 0078678 123.6802 237.1861 13.44685836288456
UNKNOWN                 
1 81449U 85042    19292.34766092  .00000812  00000+0  31707-3 0  9996
2 81449  66.8057 250.0788 0045851  50.5641 309.9504 14.34002974308492
UNKNOWN                 
1 81478U          19291.36508194  .00000315  00000+0  16612-3 0  9993
2 81478  99.1399 130.5773 0174722 273.8100 211.1960 14.13779033304443
UNKNOWN                 
1 81481U          19291.50413276  .00010130  00000+0  36653-2 0  9991
2 81481  98.7448 125.8507 0060796 302.4817  57.0499 14.32615517 88695
UNKNOWN                 
1 81488U 75052    19291.62504953  .00000127  00000+0  24949-3 0  9994
2 81488 100.0561  81.9152 0045492 156.1196 264.9118 13.55361658292134
UNKNOWN                 
1 81497U          19292.01569625  .00001206  00000+0  15228-2 0  9994
2 81497 100.3192 347.9297 0029229 279.7463 199.3471 13.66002215908232
UNKNOWN                 
1 81499U          19291.30173013  .00000365  00000+0  13508-3 0  9994
2 81499  74.0556  43.3023 0004077 299.9203  60.1544 14.35823830159122
UNKNOWN                 
1 81509U          19291.28344180  .00005153  00000+0  13447-2 0  9999
2 81509  98.9081  48.6556 0031786 239.0142 120.7927 14.49627351137696
UNKNOWN                 
1 81521U          19289.51307450  .00001291  00000+0  28622-3 0  9996
2 81521  99.7129 301.3818 0012148  23.7662 129.0731 14.59241529312249
UNKNOWN                 
1 81535U          19288.51223417  .00000525  00000+0  25073-3 0  9996
2 81535  98.1939 187.5752 0252748 142.1313 219.7940 14.07214583 70500
UNKNOWN                 
1 81536U 73086    19290.67191067  .00000190  00000+0  14762-2 0  9996
2 81536 101.9906  88.2469 0039083 251.2334 173.5578 12.53602663269929
UNKNOWN                 
1 81537U 93016    19291.03582889 -.00000114  00000+0 -40332-4 0  9991
2 81537  71.0396  71.0709 0080973 293.8921  65.3728 14.05519012304520
UNKNOWN                 
1 81545U          19292.41000793  .00024736  00000+0  66399-2 0  9996
2 81545  98.8183 135.4552 0054261 298.4097  61.1631 14.47197159 99222
UNKNOWN                 
1 81546U          19285.22092148  .00001395  00000+0  17614-3 0  9996
2 81546  66.8061 135.4771 0010228  24.9831 335.1789 14.85231714794351
UNKNOWN                 
1 81552U          19290.55234221  .00000390  00000+0  94303-3 0  9999
2 81552  99.0414 144.7432 0270583 356.4341   3.4844 13.15193271283476
UNKNOWN                 
1 81564U          19285.82071111  .00001789  00000+0  81460-3 0  9996
2 81564  81.1856  92.1832 0031405  44.8345 315.5361 14.21068987244922
UNKNOWN                 
1 81569U 95015    19282.52828573  .00000411  00000+0  19518-2 0  9992
2 81569  28.0777  53.0060 0313828 209.1646 225.5424 12.46235246271187
UNKNOWN                 
1 81579U          19291.94066783  .00005034  00000+0  33435-2 0  9996
2 81579 100.1354 187.2369 0245617  43.4854 318.5384 13.88220665297556
UNKNOWN                 
1 81599U          19291.13046622  .00000174  00000+0  42797-3 0  9991
2 81599  67.2928  88.3578 0262093 253.6207 225.0703 13.28799539286252
UNKNOWN                 
1 81615U 92021    19291.15588572  .00000336  00000+0  16082-3 0  9999
2 81615  65.8323 193.6941 0815828  83.7396 285.5840 13.22747666284843
UNKNOWN                 
1 81617U 73086    19290.08668443 -.00000125  00000+0 -49637-3 0  9998
2 81617 101.3678 166.5159 0044833 351.5147   8.5167 12.56122713270671
UNKNOWN                 
1 81624U          19291.96135880  .00000286  00000+0  91758-4 0  9992
2 81624  66.9887 107.1019 0098355 272.2942  86.6910 14.50835504312599
UNKNOWN                 
1 81626U          19292.53018713  .00003932  00000-0  10278-2 0  9991
2 81626  71.0102 231.3725 0027655 294.8993  64.9274 14.49768520300335
UNKNOWN                 
1 81634U          19290.90171859  .00056414  00000+0  30689-2 0  9990
2 81634  51.7791 113.8758 1500103 254.8929  88.1646 12.38403023208353
UNKNOWN                 
1 81652U 76077    19291.29780081  .00000238  00000+0  35247-3 0  9992
2 81652 102.1532  48.1802 0382962 324.0838  59.5349 13.41115644277145
UNKNOWN                 
1 81661U          19289.20441003  .00001422  00000+0  42571-3 0  9995
2 81661  98.4329 199.1687 0069449 205.8087 153.9633 14.43012002209077
UNKNOWN                 
1 81667U          19287.51897159  .00000323  00000+0  11782-3 0  9999
2 81667  74.0450 235.1268 0017827   3.9114 356.2175 14.36958238132576
UNKNOWN                 
1 81674U          19287.33200880  .00000135  00000+0  13356-3 0  9996
2 81674  66.8248 240.0813 0023304  42.3431 114.6116 14.04735338297128
UNKNOWN                 
1 81678U          19292.39058050  .00001266  00000+0  20674-3 0  9999
2 81678  65.8330 199.7776 0063812 225.1853 242.7294 14.73626749315399
UNKNOWN                 
1 81683U          19291.18665739  .00000458  00000+0  13127-3 0  9996
2 81683  81.2202 105.9705 0030699 217.2754 142.6305 14.43354773310775
UNKNOWN                 
1 81696U          19292.18638384  .00001023  00000+0  10824-3 0  9997
2 81696  97.3760 269.0065 0226902 107.7043 254.9076 14.74022748179970
UNKNOWN                 
1 81721U          19291.09445072  .00004305  00000+0  12051-2 0  9994
2 81721  98.1542  43.9917 0366535 131.9684 231.3342 14.13685717212155
UNKNOWN                 
1 81732U          19291.89545751  .00001292  00000+0  16726-3 0  9995
2 81732  65.7353 104.7194 0283297 344.4224  14.8290 14.60790719313209
UNKNOWN                 
1 81745U          19292.43610044  .00000350  00000+0  15548-3 0  9993
2 81745  71.0044 203.9424 0003806 138.8718 342.9141 14.29723977307982
UNKNOWN                 
1 81766U          19282.76350462  .00001067  00000+0  53319-3 0  9990
2 81766  81.2061  64.3999 0015656 233.4393 126.5341 14.16121271239639
UNKNOWN                 
1 81775U          19291.26451048  .00000795  00000+0  37373-3 0  9996
2 81775  82.9293 237.8049 0020948 198.7954 161.2455 14.18834672305200
UNKNOWN                 
1 81777U          19271.96207573  .00004237  00000+0  51971-3 0  9990
2 81777  98.0329 323.6927 0001997 285.9175  74.1819 14.83656651 91698
UNKNOWN                 
1 81792U          19291.98232290  .00000428  00000+0  18982-3 0  9998
2 81792  65.8260  61.8059 0922036 196.0638 160.9251 13.03877719281753
UNKNOWN                 
1 81794U          19291.88674106  .00003026  00000+0  45083-3 0  9994
2 81794  81.1894 344.7017 0003040 213.7659 146.3354 14.74686007316221
UNKNOWN                 
1 81795U          19291.09389682  .00026687  00000+0  15299-2 0  9993
2 81795   6.3523 290.4698 1774910 167.8467 197.0830 11.79470633174277
UNKNOWN                 
1 81798U          19292.00535830  .00002284  00000+0  59388-3 0  9991
2 81798  74.0182  45.7984 0050531 316.7570  42.9627 14.49486149260296
UNKNOWN                 
1 81813U          19287.58718941  .00000568  00000+0  18323-3 0  9999
2 81813  99.0407  55.4947 0017440 329.4035  30.6134 14.43222430309978
UNKNOWN                 
1 81816U 77121    19291.05367990  .00000176  00000+0  20205-3 0  9998
2 81816  66.2383 101.4966 0186484 115.1716 246.8823 13.83474185297997
UNKNOWN                 
1 81817U          19291.68716300  .00001597  00000+0  20076-3 0  9997
2 81817  65.7301  43.6824 0315639 124.9381 238.1810 14.56054942316239
UNKNOWN                 
1 81819U          19290.02198281  .00000190  00000+0  16693-2 0  9995
2 81819 102.3164 323.1058 0034424 338.4351  21.5263 12.44497941267988
UNKNOWN                 
1 81821U          19268.93798487  .00026963  17564-6  37389-3 0  9999
2 81821  34.0738 125.3358 2338645 168.0327 198.7403 10.82946472311305
UNKNOWN                 
1 81824U          19292.41896878 -.00000091  00000+0 -65777-6 0  9996
2 81824  65.8483 217.3126 0041606 110.3073 250.2490 14.16753448305174
UNKNOWN                 
1 81833U          19290.02541335  .00000065  00000+0  21293-3 0  9997
2 81833  90.2959 308.7294 0028194 140.3530 219.9657 12.92922553161874
UNKNOWN                 
1 81838U          19292.51318348  .00000527  00000+0  20443-3 0  9993
2 81838  67.7682 238.0966 0030942 336.9698 140.9234 14.36570346309466
UNKNOWN                 
1 81844U          19291.65454789  .00000802  00000+0  40234-3 0  9990
2 81844  82.9230 280.2330 0084494  56.4503 304.4707 14.13645971304161
UNKNOWN                 
1 81845U          19291.47915803  .00000171  00000+0  30976-4 0  9992
2 81845  97.9127 165.8281 0106104  36.2779  86.6539 14.74832565317654
UNKNOWN                 
1 81865U 87062    19291.03520102  .00000422  00000+0  37328-3 0  9999
2 81865  82.8060 311.4807 0068808 226.6071 162.0919 13.81914211297661
UNKNOWN                 
1 81872U          19291.85670053  .00040904  00000+0  25995-2 0  9990
2 81872  62.0107  83.2756 2143059 127.3906 254.2127 11.02806068 85948
UNKNOWN                 
1 81873U          19291.81197918  .00000722  00000+0  44337-3 0  9997
2 81873  99.1534 308.3648 0072756 275.8319  83.4558 14.07739179252352
UNKNOWN                 
1 81893U 70025    19291.79091234  .00000077  00000+0  13798-3 0  9994
2 81893 100.0384 144.8954 0018174 280.0960  79.8135 13.72080489295616
UNKNOWN                 
1 81899U          19290.05689071  .00000563  00000+0  15304-2 0  9990
2 81899 102.4336 326.0254 0178885 255.3277 102.7937 13.15240693282944
UNKNOWN                 
1 81902U          19292.41282004  .00001885  00000+0  27824-3 0  9991
2 81902  81.6336 327.4434 0303027 331.3336  27.1478 14.48250894311169
UNKNOWN                 
1 81905U          19290.12763163  .00009609  00000+0  52293-3 0  9990
2 81905  61.7815 186.4038 1794412 232.6259 109.7672 11.77423935396664
UNKNOWN                 
1 81921U          19276.96553466  .00000050  00000+0  55380-4 0  9999
2 81921  65.7076 100.4649 0889041 350.7347   7.8160 13.06882506732437
UNKNOWN                 
1 81946U 87079    19289.28268612  .00000264  00000+0  10537-2 0  9992
2 81946  66.4236 154.9782 0670574 357.7869 110.6232 12.41805747268502
UNKNOWN                 
1 81964U          19291.83273235  .00000006  00000+0  63719-4 0  9998
2 81964  66.5852  69.6736 0032396 139.2079 221.1434 13.94319506300688
UNKNOWN                 
1 81969U          19292.52954968  .00000360  00000+0  38979-4 0  9992
2 81969  86.6741  24.1218 0008835 272.2836  87.7377 14.85061346105394
UNKNOWN                 
1 81995U          19291.45291704  .00000178  00000+0  66862-4 0  9993
2 81995  65.7544  92.5265 0606849 317.3669  38.1767 13.81288330292396
UNKNOWN                 
1 82025U          19291.15250769  .00006481  00000+0  88981-3 0  9999
2 82025  74.0299 230.1513 0008817 197.0347 163.0534 14.78549743261878
UNKNOWN                 
1 82039U          19286.27188038  .00001754  00000+0  44170-3 0  9990
2 82039  99.0575 224.8811 0047409  46.9278 313.5869 14.51914607229146
UNKNOWN                 
1 82043U          19292.15861371  .00000155  00000+0  64474-4 0  9991
2 82043  97.9349 258.5815 0261412 276.6318  80.5173 14.21927989253919
UNKNOWN                 
1 82044U          19290.24680601  .00000274  00000+0  34119-3 0  9999
2 82044  99.9996 300.8682 0066099 299.9646  59.4950 13.73563329252905
UNKNOWN                 
1 82051U          19263.93508219  .00000508  00000+0  25746-3 0  9993
2 82051  98.8988 316.8248 0117181 340.3649  19.3032 14.17048802249039
UNKNOWN                 
1 82073U          19291.65929867  .00000156  00000+0  61043-4 0  9993
2 82073  97.7518 224.3663 0242700 209.4177 149.3163 14.25971389254052
UNKNOWN                 
1 82110U          19291.22854813  .00000093  00000-0  48207-4 0  9994
2 82110  51.6605 228.7378 1862082 248.5424  90.7349 11.31447258171254
UNKNOWN                 
1 82112U          19290.16256812  .00001146  00000+0  33939-3 0  9997
2 82112  98.6720   2.4754 0100171 262.8577  96.1214 14.42566840256485
UNKNOWN                 
1 82139U          19291.87216009  .00000272  00000+0  18853-3 0  9996
2 82139  99.1907 305.6226 0093264 199.2854 160.4774 14.05372988163811
UNKNOWN                 
1 82141U          19274.14974249  .00003324  00000+0  39302-3 0  9990
2 82141  98.0424 328.6547 0004009 211.5140 148.5835 14.85335730118189
UNKNOWN                 
1 82162U          19275.44842854  .00000564  00000+0  10905-2 0  9993
2 82162 100.4040  85.1856 0057663 258.1287 101.3370 13.41306644199997
UNKNOWN                 
1 82168U          19288.56161634  .00002085  00000+0  35439-3 0  9996
2 82168  74.0119 241.5747 0009194 171.9769 188.1551 14.69784381157443
UNKNOWN                 
1 82180U          19291.34252866  .00000054  00000+0  38245-4 0  9991
2 82180  65.6586 187.3967 0493948 244.4693 110.4537 14.04121785283352
UNKNOWN                 
1 82187U          19291.43629148  .00002276  00000+0  47534-3 0  9997
2 82187  70.9415 207.2631 0071138 107.2236 253.6712 14.59432251313814
UNKNOWN                 
1 82189U          19292.10397360  .00000048  00000+0  26672-4 0  9998
2 82189  74.0361 199.9515 0017591 219.2042 140.7836 14.33560480310369
UNKNOWN                 
1 82199U          19291.49632383  .00000190  00000+0  15826-3 0  9993
2 82199  82.9642 118.7160 0037127 287.9604 101.2652 13.83368488298819
UNKNOWN                 
1 82205U          19291.89054968  .00000454  00000+0  98803-4 0  9992
2 82205  62.9897  57.9799 0683621  84.9469 282.9184 13.78335254297083
UNKNOWN                 
1 82223U          19291.18219492  .00000881  00000+0  58954-3 0  9995
2 82223  99.3373  71.3603 0076855  60.5996 300.2814 14.02262969133106
UNKNOWN                 
1 82227U          19285.45959253  .00000000  00000+0  31490-3 0  9997
2 82227 101.7505 266.6868 0003117  18.5156 132.6326 12.41895812361422
UNKNOWN                 
1 82250U          19290.69668094  .00000774  00000+0  53654-3 0  9999
2 82250  98.9724 198.9721 0099409 337.4717  51.4671 13.99652563301173
UNKNOWN                 
1 82284U          19290.63757393  .00001177  00000+0  49828-3 0  9997
2 82284  99.5610 358.7069 0106906  29.2695 331.4414 14.24613530350141
UNKNOWN                 
1 82285U          19290.99401667 -.00000900  00000+0 -82699-3 0  9995
2 82285 102.0310 222.7208 0364267 295.1543  61.2218 13.52753276290499
UNKNOWN                 
1 82295U          19286.55899270  .00000189  00000+0  10655-3 0  9994
2 82295  66.6219 272.6734 0130928   4.2577 355.9598 14.25418166258330
UNKNOWN                 
1 82298U          19292.40784546  .00001298  00000+0  71533-3 0  9991
2 82298  99.0820 356.5961 0066527 208.1090 151.6483 14.12285235247576
UNKNOWN                 
1 82303U          19290.63371966  .00008029  00000+0  18750-1 0  9998
2 82303  81.9773 349.7439 0121627 188.4272 324.4483 13.21486918213325
UNKNOWN                 
1 82311U          19292.13201797  .00000349  00000+0  57621-3 0  9997
2 82311  99.4849  50.4637 0113912 188.5639 171.3555 13.51464132246595
UNKNOWN                 
1 82314U          19286.31785934  .00005531  00000+0  27410-3 0  9994
2 82314  99.2018 228.0183 0217998   1.2054 358.9645 14.99897867202621
UNKNOWN                 
1 82320U          19290.99749080  .00000329  00000+0  13782-3 0  9999
2 82320  99.8069 209.4462 0161724 143.0182 218.2273 14.26940617307088
UNKNOWN                 
1 82322U          19291.08083753  .00001116  00000+0  29058-3 0  9998
2 82322  98.6292 329.5630 0082150 106.8083 254.2141 14.49625318238156
UNKNOWN                 
1 82348U          19290.66860766 -.00001876  00000+0 -13112-2 0  9994
2 82348  63.7579 185.4002 3284635 315.6516  22.3101  8.38493944178616
UNKNOWN                 
1 82369U 99025    19291.87530464  .00000264  00000+0  21496-3 0  9998
2 82369  99.1215 321.1026 0085191  40.6453 320.1027 13.96913163243385
UNKNOWN                 
1 82381U          19292.31718736  .00000923  00000+0  32293-3 0  9996
2 82381  98.5115 122.4173 0017828 121.0592 239.2347 14.37376343185778
UNKNOWN                 
1 82383U          19292.23940297  .00002087  00000+0  32822-3 0  9999
2 82383  98.3249 308.0020 0005497 263.9510  96.1071 14.73644325214555
UNKNOWN                 
1 82402U          19290.22543938  .00000312  00000+0  33426-4 0  9990
2 82402  86.6748  25.1424 0008872 283.5970  76.4266 14.84913163119725
UNKNOWN                 
1 82405U          19274.70486628  .00000232  00000+0  41910-4 0  9998
2 82405  98.1102   1.1219 0043082 111.0771 249.5052 14.74999314104486
UNKNOWN                 
1 82427U          19274.25294694  .00017777  00000+0  28883-2 0  9996
2 82427  98.4003  17.4776 0010203 217.4613 142.5882 14.71133808 99960
UNKNOWN                 
1 82428U          19291.30898522  .00006812  00000+0  78185-2 0  9990
2 82428  63.1689 249.4366 0015762  10.9365 349.2012 13.70185619109404
UNKNOWN                 
1 82432U 93036    19290.90460926  .00000186  00000+0  54092-4 0  9995
2 82432  74.0083 266.4077 0065911 256.9887 102.3909 14.50171099156522
UNKNOWN                 
1 82448U          19291.46709570  .00000291  00000+0  30893-4 0  9994
2 82448  85.8743 293.2997 0009280 312.5017  47.5421 14.84861599102474
UNKNOWN                 
1 82451U          19292.27431690  .00002162  00000+0  26788-3 0  9999
2 82451  66.5436 162.3760 0303191 335.3623  23.3250 14.57494987803081
UNKNOWN                 
1 82453U          19290.35138098 -.00000012  00000+0  23101-3 0  9993
2 82453 101.8534 245.9923 0094606  62.0493 299.0109 12.39478053267477
UNKNOWN                 
1 82458U          19292.04565901  .00000444  00000+0  30170-3 0  9995
2 82458  66.5129 180.2210 0060073  68.8469 291.9022 14.08484555292663
UNKNOWN                 
1 82464U          19291.51783743  .00001227  00000+0  39003-3 0  9993
2 82464  71.0011 345.6906 0082917  42.4053  21.2080 14.39976585309387
UNKNOWN                 
1 82475U          19282.28728898  .00000417  00000+0  27845-3 0  9990
2 82475  99.1977 299.4463 0106838 254.4258 104.5095 14.04049590228937
UNKNOWN                 
1 82481U          19290.62662429  .00005965  00000+0  45984-3 0  9998
2 82481  99.0168  72.8402 0042755 112.2909 248.2853 15.01369511118967
UNKNOWN                 
1 82484U          19291.18664627  .00000013  00000+0  80208-4 0  9993
2 82484  99.6143   7.9861 0045970 104.5048 256.1195 13.55060873286180
UNKNOWN                 
1 82494U 93036    19291.79566766  .00000474  00000+0  13341-3 0  9991
2 82494  74.0224 335.3889 0014950 295.9751  63.9868 14.48490417156367
UNKNOWN                 
1 82517U          19291.80274943  .00002513  00000+0  77937-3 0  9998
2 82517  86.3901 319.0185 0014019 117.0066 243.2567 14.40742280 98845
UNKNOWN                 
1 82524U          19289.76305649  .00000626  00000+0  29779-3 0  9990
2 82524  73.2934  67.2404 0178257 288.4452 136.9094 14.13872190257874
UNKNOWN                 
1 82526U          19291.03109794  .00000471  00000+0  33446-3 0  9992
2 82526  99.2693 311.0825 0109968  37.2748 323.5984 13.99825207206601
UNKNOWN                 
1 82545U          19291.24860018 -.00000010  00000+0  89923-3 0  9990
2 82545  64.8840 218.5255 0175680 358.8609   1.1895 11.30770170184789
UNKNOWN                 
1 82560U          19292.14781428  .00000322  00000+0  32890-3 0  9990
2 82560  99.9836  47.8257 0010414  75.1134  47.3914 13.84969892300472
UNKNOWN                 
1 82561U          19289.12811436  .00000181  00000+0  12221-3 0  9997
2 82561  63.1300 114.2002 0425166 295.8543 165.7185 13.87958913298463
UNKNOWN                 
1 82576U          19287.21778383  .00000603  00000+0  42666-3 0  9999
2 82576  99.3032 293.3192 0118017  71.0760 290.3152 13.98462660204591
UNKNOWN                 
1 82597U          19291.30732354  .00000201  00000+0  10846-3 0  9994
2 82597  66.7726 252.5295 0105008 175.2625 184.9494 14.27973859307586
UNKNOWN                 
1 82616U          19290.37366448  .00002395  00000+0  33721-3 0  9992
2 82616  97.2798  78.0650 0105258 145.5360 215.2736 14.74331291233108
UNKNOWN                 
1 82617U          19292.22678525  .00000071  00000+0  27414-4 0  9993
2 82617  74.0268 124.5462 0041801 261.8993  97.7422 14.46126075311865
UNKNOWN                 
1 82619U          19285.11522880  .00000380  00000+0  62790-3 0  9995
2 82619  66.1958 173.5106 0206956  67.4364 294.8444 13.49493501167798
UNKNOWN                 
1 82627U          19287.29048737 -.00000131  00000+0 -39299-3 0  9993
2 82627  82.4791  48.7338 0007568 288.4438  99.9524 13.13333783283055
UNKNOWN                 
1 82629U          19285.74245369  .00001738  00000+0  64137-3 0  9994
2 82629  81.1770 294.0809 0018778 312.2738  47.6852 14.32060866258656
UNKNOWN                 
1 82637U          19289.53219041  .00002576  00000+0  74677-3 0  9993
2 82637  99.5344  36.0686 0030091 349.4413  10.6139 14.45186446178461
UNKNOWN                 
1 82642U          19288.98898571  .00000233  00000+0  17736-3 0  9999
2 82642  99.0268 197.9121 0142542 349.3598  10.4558 13.98670696301043
UNKNOWN                 
1 82683U 99057    19292.40449595  .00000212  00000+0  10371-3 0  9999
2 82683  98.1387 160.0935 0229664  87.3138 275.4300 14.13322470144500
UNKNOWN                 
1 82686U          19275.48847956  .00000342  00000+0  95178-4 0  9997
2 82686  97.9510 285.3267 0201431  26.7570 334.3844 14.40979186211590
UNKNOWN                 
1 82693U          19292.11177454  .00000662  00000+0  96152-3 0  9990
2 82693 100.5372  44.9825 0048387 157.0509 203.2804 13.59139730247796
UNKNOWN                 
1 82698U          19289.68862588 -.00000035  00000+0  41333-4 0  9999
2 82698  61.6102 357.1792 0729160 194.6174 163.2692 13.21107429240670
UNKNOWN                 
1 82708U          19289.12519573  .00000212  00000+0  10498-2 0  9995
2 82708 102.1319 256.7062 0061295 135.8386 224.7620 12.86600937233888
UNKNOWN                 
1 82728U          19292.37830338  .00010247  00000+0  40689-2 0  9997
2 82728 100.1681 343.0456 0177007 342.0444  17.4526 14.20785211775560
UNKNOWN                 
1 82729U          19290.01892745 -.00000290  00000+0 -84519-3 0  9997
2 82729  67.9497  66.0320 0838629 105.4388 264.0750 12.15574066261699
UNKNOWN                 
1 82737U          19274.88841097  .00011543  00000+0  15502-1 0  9992
2 82737 102.8347 146.9588 0375130  18.4382 342.9921 13.34686230240945
UNKNOWN                 
1 82739U          19290.12157361  .00000275  00000+0  28870-3 0  9997
2 82739  99.1091 156.3136 0183182 154.5547 357.4298 13.75842899296404
UNKNOWN                 
1 82741U          19289.30348801  .00000696  00000+0  95304-3 0  9992
2 82741 102.8820 319.8798 0213257 201.9940 157.1926 13.55423028291517
UNKNOWN                 
1 82742U          19292.19544290  .00001473  00000+0  68795-3 0  9992
2 82742  99.5873 284.0797 0056815 297.5330  62.0078 14.21303556223142
UNKNOWN                 
1 82748U          19292.55965046  .00015682  00000-0  51551-2 0  9993
2 82748 102.9035 213.0693 0027852  16.9473 343.2621 14.38176089227907
UNKNOWN                 
1 82755U          19291.62703485  .00002790  00000+0  53565-3 0  9998
2 82755  99.8139 232.0533 0001660 346.3238  13.7914 14.64747588314195
UNKNOWN                 
1 82759U          19275.23307853  .00002651  00000+0  60949-3 0  9990
2 82759  98.3414   5.2646 0018078 205.8825 154.1470 14.56169869 93468
UNKNOWN                 
1 82783U          19291.07492701 -.00000311  00000+0 -96964-3 0  9993
2 82783  90.3346 331.0216 0022936  27.2351 332.9972 13.06103761210672
UNKNOWN                 
1 82785U          19292.25895925  .00000372  00000+0  12270-3 0  9994
2 82785  63.1374 160.1151 0304889 348.4770 118.7967 14.29460440307885
UNKNOWN                 
1 82820U          19291.10804118  .00000461  00000+0  23605-3 0  9994
2 82820  99.7856 165.9326 0058691 202.5036 157.3561 14.20370178305622
UNKNOWN                 
1 82829U          19282.88150568 -.00000021  00000+0  57043-3 0  9997
2 82829  65.0974  79.1414 0167093 110.7600  39.9119 11.28847586396144
UNKNOWN                 
1 82854U          19289.97853038  .00000603  00000-0  52239-3 0  9992
2 82854  82.6961  13.3229 0139423 125.7838 235.6375 13.80377866769357
UNKNOWN                 
1 82873U          19292.07196207  .00000651  00000+0  39380-3 0  9990
2 82873 100.0069 244.9558 0048667 316.8313  42.9043 14.10196339303598
UNKNOWN                 
1 82875U          19290.30563778  .00000076  00000+0  36056-4 0  9996
2 82875  98.6749 319.1853 0393385 229.8897 126.7180 14.10667838227179
UNKNOWN                 
1 82891U          19274.97211782  .00000236  00000+0  40169-4 0  9992
2 82891  97.8262 340.4146 0014238 192.8285 167.2566 14.77392039103911
UNKNOWN                 
1 82893U          19291.43217160  .00001094  00000+0  68711-3 0  9995
2 82893  98.9961   8.7445 0034291 274.5319  85.1932 14.06305679106547
UNKNOWN                 
1 82915U          19289.37968268  .00002236  00000+0  40974-3 0  9992
2 82915  74.0215 297.2743 0025491 183.7796 176.3185 14.66211375151769
UNKNOWN                 
1 82939U          19291.36117623 -.00002567  00000+0 -15636+0 0  9993
2 82939  86.1561  62.0406 1939346  51.2057 324.6663  8.76260926189007
UNKNOWN                 
1 82959U          19291.81574164  .00000131  00000+0  10510-3 0  9995
2 82959 100.0899 155.2305 0052720 239.8173 119.7764 14.09237252226967
UNKNOWN                 
1 82961U          19291.42434287  .00002585  00000+0  58477-2 0  9994
2 82961  99.8582 269.3838 0519592  60.4319 304.7532 12.86435759263995
UNKNOWN                 
1 82965U 70025    19290.87300251  .00000365  00000+0  59703-3 0  9991
2 82965 100.1729 263.0315 0002431 340.3665  19.7377 13.55183105219580
UNKNOWN                 
1 82991U          19285.31315298  .00003006  00000+0  58685-3 0  9999
2 82991  86.3207 237.3699 0011536 242.3981 117.6060 14.62629950154602
UNKNOWN                 
1 83903U          19292.51908148 -.00000269  00000-0  00000-0 0  9990
2 83903  11.3807 314.4131 0131744 186.6488 182.1054  0.99112229 21406
UNKNOWN                 
1 83932U          19291.92777875  .00000617  00000+0  58884-3 0  9998
2 83932  21.1912 257.6287 6886278 194.6675 125.0815  2.74358898 28155
UNKNOWN                 
1 83934U          19292.38689060  .00000011  00000+0  00000+0 0  9990
2 83934  10.5513 319.2666 0235347 205.8834 166.3959  1.02658856 22229
UNKNOWN                 
1 83952U          19292.45310633 -.00000123  00000+0  79380-4 0  9992
2 83952  20.5887 132.8475 7137445 228.5592  43.7560  2.31811873 31882
UNKNOWN                 
1 83975U          19291.90140311 -.00000194  00000+0  00000+0 0  9996
2 83975  19.5027  26.8285 7024373 165.7113 235.5923  2.15323920 33944
UNKNOWN                 
1 83999U          19281.45680269 -.00000030  00000+0  00000+0 0  9991
2 83999  64.7945  62.2811 6780172  25.8763 356.1163  2.12133553 15801
UNKNOWN                 
1 84006U          19291.52451009  .00000001  00000+0  00000+0 0  9995
2 84006  22.9361 253.6504 6140379  20.5141 355.9840  2.16232689 35619
UNKNOWN                 
1 84026U          19292.38595367  .00001489  00000+0  10452-2 0  9994
2 84026  21.9595 334.0156 6270582 331.1600   5.3810  3.58610080 42632
UNKNOWN                 
1 84071U          19290.71390795  .00000027  00000+0  24952-3 0  9995
2 84071  20.9378 346.7053 7028321 135.2455 309.3445  2.56586456 44662
UNKNOWN                 
1 84079U          19291.25794160  .00002054  00000+0  11732-2 0  9990
2 84079  62.7353 202.5990 4071664 136.7725 263.6690  7.04595561145499
UNKNOWN                 
1 84136U          19291.06716879  .00049551  00000+0  39674-2 0  9992
2 84136  51.4092 187.4533 2298966  67.5166 315.2072 10.67329969258466
UNKNOWN                 
1 84170U          19292.31122799  .00000828  00000+0  68913-3 0  9994
2 84170  21.1484 295.6994 7014075 132.4880 312.9240  2.58804593 34109
UNKNOWN                 
1 84232U 79104    19291.88719589  .00001531  00000+0  14049-2 0  9996
2 84232  20.5106 321.5963 6944219 189.1292 144.1907  2.67000847 40702
UNKNOWN                 
1 84249U          19292.13091576  .00001013  00000+0  10222-2 0  9995
2 84249  64.5028 287.2482 5720460  22.4376 354.9202  4.34139266 49663
UNKNOWN                 
1 84277U          19271.13138913  .00009479  00000+0  60760-2 0  9996
2 84277  64.9746 256.9352 5499407 357.9707   0.4653  4.71395650 43818
UNKNOWN                 
1 84292U          19290.12089794  .00038000  00000+0  22635-2 0  9996
2 84292  23.8926 237.3174 5084068 140.1220 271.2995  5.55088834 94391
UNKNOWN                 
1 84342U          19291.60218555  .00016361  00000+0  36406-2 0  9992
2 84342  21.8296  42.1628 5859529  98.4059 328.1958  4.24540609 48059
UNKNOWN                 
1 84346U          19291.06514740  .00002162  00000+0  35638-3 0  9992
2 84346  20.6901 250.1246 6980330 218.6620  61.3188  2.67796903 23279
UNKNOWN                 
1 84353U          19288.15267619 -.00000116  00000-0  00000-0 0  9997
2 84353  18.6529 132.8704 6682350 242.2237  36.3915  2.03734508 22242
UNKNOWN                 
1 84407U          19292.20602753  .00000127  00000+0 -11737-1 0  9991
2 84407  18.9692 278.0868 7223881 270.8843  14.8177  2.05688015 29624
UNKNOWN                 
1 84414U          19291.53643913  .00021196  00000+0  14303-2 0  9998
2 84414  65.2262 188.0305 4404515  37.0125 346.5584  6.70632218 74597
UNKNOWN                 
1 84415U          19291.63538034  .00008882  00000+0  25815-2 0  9994
2 84415  23.8221   7.9916 5653019  10.3164 357.6686  4.54163972 60073
UNKNOWN                 
1 84452U          19292.27423917  .00001454  00000-0  19923-3 0  9992
2 84452   3.0176  51.4535 6418661  36.9217 353.3743  3.44994315 71238
UNKNOWN                 
1 84479U          19291.02644704  .00009163  00000+0  28258-2 0  9996
2 84479  23.3963 228.2656 5268587  46.9235 346.6019  5.13533344 38473
UNKNOWN                 
1 84481U          19273.15031920 -.00000738  00000+0 -95666-3 0  9992
2 84481  64.8772 341.1157 5902291   9.1337 358.1723  4.05033099 43070
UNKNOWN                 
1 84565U          19292.39139813  .00000830  00000+0  18683-2 0  9996
2 84565   1.8686 209.2755 7232417  54.5321 353.0953  2.27110600 12319
UNKNOWN                 
1 84575U          19292.08466431  .00000198  00000+0  48927-2 0  9993
2 84575  17.7456 187.5345 7147799  87.5327 345.0608  2.19805923 16035
UNKNOWN                 
1 84597U          19290.56576552 -.00000032  00000+0  77392-4 0  9992
2 84597  18.4980 127.8383 7263602 191.0344 133.7448  2.17585669 19442
UNKNOWN                 
1 84624U          19292.37975295  .00061187  00000+0  10534-1 0  9990
2 84624  64.2983 232.3939 5511779  18.2714 355.5217  4.79406717 41443
UNKNOWN                 
1 84646U          19274.72160314  .00002867  00000+0  48072-1 0  9999
2 84646  54.9674 119.1226 5819737 102.0929 325.4040  3.86873620 80593
UNKNOWN                 
1 84911U          19292.27628309 -.00000091  00000+0 -11334-2 0  9998
2 84911   1.7149 122.6260 6563300 315.2922 338.4433  2.95750164 64033
UNKNOWN                 
1 84932U          19292.51611546 -.00000433  00000-0 -23923-2 0  9991
2 84932   2.4565 358.8191 6582482 188.5447  23.8497  2.98928149 64518
UNKNOWN                 
1 84950U          19291.33504205 -.00000081  00000+0  00000+0 0  9998
2 84950   2.2802 326.6662 6952854  25.4343  68.6823  2.04135513 44064
UNKNOWN                 
1 84961U          19291.34704112 -.00000321  00000+0  00000+0 0  9997
2 84961  10.8155 308.7228 0146054 216.9617 141.9390  0.98644214 21280
UNKNOWN                 
1 85001U          19291.09555742  .00010082  00000+0  14922-2 0  9993
2 85001  51.4545 203.2503 2922297 219.7961 114.7656  9.34828875214688
UNKNOWN                 
1 85004U          19292.26293031  .00000127  00000+0  57301-4 0  9995
2 85004  98.2635 307.5676 0052092  56.6335   2.6719 14.35635500309360
UNKNOWN                 
1 85010U          19291.52624139  .00000326  00000+0  41772-3 0  9992
2 85010  99.4201 180.6831 0029547 354.3143 127.1763 13.70338473295763
UNKNOWN                 
1 85011U          19292.40784613  .00003899  00000+0  17957-2 0  9990
2 85011  70.9811 209.5667 0019081 352.1220   7.9603 14.21584000102645
UNKNOWN                 
1 85015U          19292.56268763  .00000024  00000-0  11301-4 0  9991
2 85015  74.0490   3.5308 0014219 130.4779 229.7628 14.59603311314717
UNKNOWN                 
1 85023U          19291.29993118  .00000844  00000+0  38505-3 0  9991
2 85023  99.8698 315.4478 0001977 247.2410 170.6611 14.24801646306349
UNKNOWN                 
1 85025U          19289.71153073  .00000748  00000+0  56923-3 0  9992
2 85025  82.5374  84.0142 0022911  26.8223 333.4120 13.92419005251961
UNKNOWN                 
1 85027U          19292.22062089 -.00000060  00000+0  18712-4 0  9993
2 85027  66.0420 196.5031 0184930 301.0431  57.2589 13.73229927296079
UNKNOWN                 
1 85061U          19290.84199966  .00001457  00000+0  69389-2 0  9996
2 85061 102.4804  65.8661 0319421 183.0928 333.5917 12.62071916270997
UNKNOWN                 
1 85100U          19289.72894770  .00000042  00000+0  22202-4 0  9994
2 85100  74.0477  51.3628 0011644 120.2748 308.0480 14.38763525309762
UNKNOWN                 
1 85106U          19292.06999253  .00000122  00000+0  19369-3 0  9991
2 85106 100.0897 243.9767 0009972 315.8744 104.8170 13.70109216295180
UNKNOWN                 
1 85111U 73086    19291.41158849  .00000050  00000+0  60874-3 0  9994
2 85111 101.5436 272.1741 0009765   9.5695 350.5561 12.50754922184862
UNKNOWN                 
1 85117U          19290.63685793  .00002596  00000+0  38683-3 0  9992
2 85117  70.0298 279.4091 0072785 242.3648 117.0097 14.74321482265251
UNKNOWN                 
1 85133U          19291.07001277  .00000817  00000+0  38719-3 0  9992
2 85133  98.9273 327.7750 0024962 308.1507  51.7421 14.22317276210781
UNKNOWN                 
1 85151U 86019    19290.48539144  .00000926  00000+0  32809-3 0  9994
2 85151  98.5202 120.8991 0016339 111.9141 248.3784 14.36802315154412
UNKNOWN                 
1 85159U          19291.50286196  .00001349  00000+0  74191-3 0  9998
2 85159  98.8343 192.4770 0077986 162.2752 198.1168 14.11796538180948
UNKNOWN                 
1 85175U          19292.14254654  .00003227  00000+0  74870-3 0  9992
2 85175 101.3738 264.5956 0153387 135.9221 225.4309 14.49150969296873
UNKNOWN                 
1 85205U          19278.52327841  .00000052  00000+0  36897-4 0  9992
2 85205  82.9591 191.3753 0037710 128.7468 352.0261 13.76345075295410
UNKNOWN                 
1 85210U 75052    19292.41096272  .00000331  00000+0  37628-3 0  9994
2 85210  99.8179   2.2501 0221894 301.2414 116.1834 13.68052413294767
UNKNOWN                 
1 85217U          19292.50337899  .00000323  00000+0  11488-3 0  9992
2 85217  98.0054 184.6361 0241336 356.4586   3.4878 14.25511526307109
UNKNOWN                 
1 85220U          19292.00614649 -.00000552  00000+0 -14160-3 0  9998
2 85220  99.4069  16.6166 0186423  28.9026 332.2330 14.35211171308286
UNKNOWN                 
1 85237U          19292.38550749  .00000261  00000+0  87650-4 0  9997
2 85237  65.5415 206.7864 0612933 306.9733  47.6691 13.79250493297151
UNKNOWN                 
1 85238U          19291.23110250 -.00000025  00000+0  12922-4 0  9999
2 85238  98.7970 284.4104 0063668 178.8261 239.4959 13.87910512299045
UNKNOWN                 
1 85246U          19292.31637863  .00000208  00000+0  96074-4 0  9994
2 85246  97.9949 115.5829 0240947  34.1866 327.4562 14.15200177304902
UNKNOWN                 
1 85264U 99057    19275.35726425  .00002718  00000+0  19668-3 0  9993
2 85264  98.2451 333.5671 0218361 150.7050 210.6619 14.87760140151654
UNKNOWN                 
1 85266U          19288.66138301  .00003426  00000+0  16559-2 0  9995
2 85266  62.7084  71.1101 3695848 117.9300 284.2619  7.72714354165847
UNKNOWN                 
1 85283U 78098    19290.63310806  .00002273  00000+0  57406-3 0  9994
2 85283  99.6970 183.2846 0034642   8.8763 351.3033 14.51893272213951
UNKNOWN                 
1 85292U          19263.64583644  .00000971  00000+0  28644-3 0  9990
2 85292  65.8340 354.4846 0046667 113.2168 247.3856 14.47622220856856
UNKNOWN                 
1 85370U          19290.96897286  .00000380  00000+0  39260-3 0  9992
2 85370  99.9954 338.4667 0009838 135.1546 346.1588 13.83113982297967
UNKNOWN                 
1 85373U          19292.47472316  .00000926  00000+0  78196-3 0  9993
2 85373 100.3939  17.5107 0055855 326.9291  96.6503 13.90247712299324
UNKNOWN                 
1 85383U          19292.41667476  .00000890  00000+0  27086-3 0  9993
2 85383  98.6907 355.5498 0108253 271.6480  87.2311 14.41390048261100
UNKNOWN                 
1 85386U          19291.18568220  .00001172  00000+0  32605-3 0  9993
2 85386  98.6587   5.0461 0117978 224.4935 163.1095 14.44401072311099
UNKNOWN                 
1 87001U          19266.28914595  .00003495  00000+0  13985-1 0  9990
2 87001 105.2743 203.1844 0294659   6.9475 353.5550 12.75201255269854
UNKNOWN                 
1 87011U          19291.45603654 -.00000151  00000+0 -16417-3 0  9992
2 87011  67.0387 332.3830 0256290  79.5436 283.4382 13.27618642286275
UNKNOWN                 
1 87013U          19279.98736901  .00005758  00000+0  14121-1 0  9994
2 87013  65.5490 132.9541 1198526 313.3369  37.3539 11.73752240111910
UNKNOWN                 
1 87014U          19290.98826928  .00000727  00000+0  13729-2 0  9992
2 87014 100.5037 120.5130 0051128 219.4311 303.6554 13.41927763288689
UNKNOWN                 
1 87021U          19292.12080157  .00167884  79395-5  22301-2 0  9997
2 87021  63.2725 117.8969 0975820 310.4249  41.5518 13.75800829185067
UNKNOWN                 
1 87029U          19290.63113350  .00000233  00000+0  18498-3 0  9999
2 87029  98.9999 355.5821 0071012  18.0584 342.3079 13.99740843278156
UNKNOWN                 
1 87041U          19292.52442161  .00000030  00000+0  44973-3 0  9990
2 87041  67.3188 342.6176 0345825  68.1374 295.6031 12.43346836270656
UNKNOWN                 
1 87042U          19289.43253898  .00000090  00000+0  84984-4 0  9997
2 87042  98.9504 359.8775 0044606 267.7729  91.8330 14.03477806238199
UNKNOWN                 
1 87051U          19292.05108834  .00000197  00000+0  10618-3 0  9998
2 87051  65.7311 149.2221 0753859  66.8810 300.9841 13.35656846287855
UNKNOWN                 
1 87053U          19291.66369999  .00032399  10646-5  10373-2 0  9996
2 87053  63.0904 148.0024 2737249  45.2794 334.0863  9.92475387205188
UNKNOWN                 
1 87054U          19289.76334012  .00000509  00000+0  38647-3 0  9993
2 87054 100.0744 255.2475 0014488 170.8175 189.3253 13.99271550300978
UNKNOWN                 
1 87065U          19286.30466735  .00000680  00000+0  88698-3 0  9991
2 87065  98.7186  57.6004 0340350 285.3425  71.0343 13.43401832213725
UNKNOWN                 
1 87071U          19291.64512376  .00000347  00000+0  19891-3 0  9993
2 87071  61.2293 313.2883 0558784 247.5300 106.5649 13.64946316294429
UNKNOWN                 
1 87074U          19291.45827296 -.00000089  00000+0 -12947-4 0  9996
2 87074  66.1408 304.0879 0142146  60.8498 300.6704 13.69982452295226
UNKNOWN                 
1 87076U          19290.59671022  .00000793  00000+0  23796-2 0  9998
2 87076  67.7569 351.2072 0648148 263.2324  89.4577 12.54683125270683
UNKNOWN                 
1 87079U          19291.38661493  .00003600  00000+0  40547-3 0  9994
2 87079  70.3284 194.3268 0029043  30.6413 329.6431 14.87174858317973
UNKNOWN                 
1 87082U          19291.43095488  .00002081  00000+0  14917-3 0  9993
2 87082  97.4187 276.2122 0171943  86.1976 275.8885 14.94214396271104
UNKNOWN                 
1 87091U          19287.65264439  .00004178  00000+0  25821-3 0  9991
2 87091  65.6996 351.0087 0174379 305.5978  52.9003 14.99416062319374
UNKNOWN                 
1 87094U          19292.19728186  .00002255  00000+0  60343-3 0  9995
2 87094  99.7860 283.4120 0129604 200.4668 159.1298 14.44660242309636
UNKNOWN                 
1 87107U          19292.18374608  .00008876  00000+0  72465-3 0  9998
2 87107  98.9199 289.3266 0024616 347.7066  12.3549 14.99473517272531
UNKNOWN                 
1 87113U          19291.61694623  .00001030  00000+0  18134-3 0  9992
2 87113  65.6681  11.0817 0379759 290.2034 136.3207 14.34747426308221
UNKNOWN                 
1 87129U          19291.91910979  .00000040  00000+0  64059-3 0  9994
2 87129 102.4215 315.3466 0030073 253.9441 105.8309 12.41914650267670
UNKNOWN                 
1 87134U          19287.06243406  .00000542  00000+0  10164-2 0  9999
2 87134  66.6760 317.3366 0473123 268.1182  86.5627 13.09254212281423
UNKNOWN                 
1 87149U          19290.79823173  .00000262  00000+0  24010-3 0  9999
2 87149  62.9462  81.4411 3285198 213.3203 121.0068  8.35315405179121
UNKNOWN                 
1 87159U          19292.46025628  .00000308  00000+0  37914-3 0  9993
2 87159  90.3091 355.7101 0120366  49.2200 311.9327 13.60476849250844
UNKNOWN                 
1 87163U          19291.40535845  .00000291  00000+0  11953-3 0  9994
2 87163  65.6005 294.2329 0716042 320.7703  34.3461 13.50009904273231
UNKNOWN                 
1 87164U          19263.54854846  .00000517  00000+0  17162-3 0  9993
2 87164  65.2051 317.1238 0160602 277.1446  81.1409 14.40109736306993
UNKNOWN                 
1 87180U          19292.35659034  .00000698  00000+0  70625-3 0  9997
2 87180  65.9168 241.9209 0032490 304.4177  55.3820 13.83295332297866
UNKNOWN                 
1 87203U          19291.82668957  .00001661  00000+0  41558-3 0  9992
2 87203  98.8989 152.6555 0067112 328.9119  30.8111 14.51619292225410
UNKNOWN                 
1 87204U          19290.57607204  .00000476  00000+0  24110-3 0  9990
2 87204  98.7569 159.7965 0052883   5.0640 355.1061 14.20006630305720
UNKNOWN                 
1 87211U          19288.85404028  .00000313  00000+0  13326-3 0  9992
2 87211  99.0737 150.4824 0067727 263.5701 158.3823 14.31279849384983
UNKNOWN                 
1 87213U          19290.41332723  .00001961  00000+0  28420-3 0  9992
2 87213  99.0352 350.4260 0066010 317.7554  41.8577 14.76030916228681
UNKNOWN                 
1 87214U          19291.29182282 -.00000310  00000+0 -24977-3 0  9995
2 87214 100.3079  55.9896 0081058 234.1441 125.2159 13.78123902290245
UNKNOWN                 
1 87222U          19290.24743147  .00004453  00000+0  32073-3 0  9997
2 87222  98.9866  81.7747 0069556 258.1054 226.6347 15.02925487409836
UNKNOWN                 
1 87228U          19292.03920688  .00001504  00000+0  57820-3 0  9990
2 87228  98.9274  16.9019 0046118 225.7620 133.9772 14.31393769282132
UNKNOWN                 
1 87235U          19289.12414633  .00000825  00000+0  32764-3 0  9997
2 87235  98.8952  42.7841 0154299 250.8280 107.6143 14.25291638264385
UNKNOWN                 
1 87237U          19290.47833293  .00000096  00000+0  11113-3 0  9991
2 87237  99.4701 291.8541 0105200 204.4812 309.8085 13.89792083299315
UNKNOWN                 
1 87239U          19291.25343090  .00000931  00000+0  39602-3 0  9992
2 87239  82.8830 127.4322 0030699  78.5578 281.9050 14.24052051306321
UNKNOWN                 
1 87245U          19291.03570811  .00000433  00000+0  13833-3 0  9993
2 87245  65.6616 141.2886 0517742 118.6133 323.0763 13.92643794299717
UNKNOWN                 
1 87256U          19286.42216069  .00000441  00000+0  29383-3 0  9990
2 87256  98.9323 356.7784 0046597 238.3719 121.2898 14.05869754267025
UNKNOWN                 
1 87271U          19292.32601686  .00000389  00000+0  12271-3 0  9995
2 87271  65.7739 284.2800 0555613 119.2329 246.5479 13.87294865298537
UNKNOWN                 
1 87280U          19291.86366230  .00000003  00000+0  13730-3 0  9990
2 87280  64.6196  20.7493 0092881  66.7120 294.3661 13.46745354231126
UNKNOWN                 
1 87293U          19292.11099238  .00000640  00000+0  19180-3 0  9996
2 87293  65.9109 179.3429 0519489 112.6369 253.0497 13.91865608299669
UNKNOWN                 
1 87300U          19287.26909198  .00000231  00000+0  21881-3 0  9997
2 87300 100.0558  34.9265 0033846 126.7177 233.7096 13.92293165299307
UNKNOWN                 
1 87304U          19285.92216468  .00000121  00000+0  26714-4 0  9992
2 87304  74.0217  13.2634 0020997 196.6892 163.3590 14.67893657315442
UNKNOWN                 
1 87305U          19291.24327857  .00001080  00000+0  22244-3 0  9998
2 87305  73.9974 229.4033 0037505 208.3797 151.5328 14.61380490144632
UNKNOWN                 
1 87313U          19291.93739665  .00000010  00000+0  65383-4 0  9991
2 87313  65.8443  43.6991 0209332   4.3861 355.8979 13.88508703299310
UNKNOWN                 
1 87320U          19291.80386815  .00000126  00000+0  13390-3 0  9998
2 87320  66.5998 351.5772 0443928  32.4427 330.3111 13.61534588287279
UNKNOWN                 
1 87328U          19291.29695008  .00002434  00000+0  28570-3 0  9996
2 87328  65.7627 241.8131 0247314  26.9972 334.3753 14.67643597314760
UNKNOWN                 
1 87331U          19291.39795761  .00005026  00000+0  21004-3 0  9993
2 87331  66.9068  70.4346 0011830 123.4130 236.8151 15.24532130325619
UNKNOWN                 
1 87333U          19292.43290990  .00000004  00000+0  71402-4 0  9994
2 87333  66.5366 309.3862 0032416 223.2326 136.6203 13.85802262298990
UNKNOWN                 
1 87334U          19292.20017463  .00002452  00000+0  34153-2 0  9991
2 87334  89.9793 272.0636 0076167 150.4067 210.1431 13.56219449 79077
UNKNOWN                 
1 87335U          19291.39285612  .00002510  00000+0  34420-2 0  9996
2 87335  89.9704 271.7096 0086640 142.6585 218.0635 13.56847432 78982
UNKNOWN                 
1 87342U          19290.11716217 -.00013218  00000+0 -22218+0 0  9991
2 87342 102.4938 167.9781 0712351 230.6973 122.8752 11.26978290241965
UNKNOWN                 
1 87350U          19292.52239644  .00000417  00000+0  14691-3 0  9996
2 87350  98.0885 193.4364 0255638  42.8298 319.2488 14.22703108306489
UNKNOWN                 
1 87359U          19289.14960799  .00000079  00000+0  17707-3 0  9996
2 87359  65.8480 124.1259 0145577 271.2322  87.2062 13.66628646295422
UNKNOWN                 
1 87382U          19291.62569349  .00007007  00000+0  13883-2 0  9992
2 87382  70.9682  34.6590 0021249  17.3169 342.8698 14.62451203225854
UNKNOWN                 
1 87397U          19291.91830584  .00000867  00000+0  16787-3 0  9996
2 87397  81.2393   3.8784 0008798 333.4018  26.6729 14.62540535227116
UNKNOWN                 
1 87405U          19291.20013821  .00000218  00000+0  16857-3 0  9993
2 87405  82.7613  14.9289 0053067 262.5825  96.9306 13.88094729298763
UNKNOWN                 
1 87415U          19291.47608403  .00000980  00000+0  92618-3 0  9994
2 87415  65.3563 103.1529 0025212 167.1071 193.0644 13.85838552298229
UNKNOWN                 
1 87416U          19292.06739079  .00001174  00000+0  49537-3 0  9993
2 87416  82.8373  54.5174 0021577 147.1454 213.1076 14.24783938287942
UNKNOWN                 
1 87423U          19291.26643995  .00003376  00000+0  40904-3 0  9998
2 87423  98.8169 222.5365 0058446 258.4090 101.0557 14.83229903226030
UNKNOWN                 
1 87426U          19291.16215288  .00000411  00000+0  26317-3 0  9999
2 87426  65.8101 185.6600 0073830  21.3222 133.8459 14.12587652304011
UNKNOWN                 
1 87433U          19291.27024985  .00000513  00000+0  10979-2 0  9990
2 87433 100.2931  50.6801 0052386 227.6139 132.0545 13.35155051132226
UNKNOWN                 
1 87442U          19291.26098243  .00309884  00000+0  34195-1 0  9995
2 87442  62.0259 207.3389 0600676  96.2787 270.6987 14.05151425122357
UNKNOWN                 
1 87448U          19291.60350373  .00001074  00000+0  10108-2 0  9993
2 87448 100.4115 211.1785 0067353 220.4142 139.1994 13.83157448297984
UNKNOWN                 
1 87455U          19290.92497174  .00009508  00000+0  49699-3 0  9994
2 87455  63.3883 125.6086 3016838 248.8763  76.6293  9.31324174196011
UNKNOWN                 
1 87456U          19292.08335595  .00000273  00000+0  75750-4 0  9990
2 87456  65.7918 108.3530 0615228  53.4687 312.1427 13.85395436298449
UNKNOWN                 
1 87468U          19288.95714154  .00000890  00000+0  11699-3 0  9992
2 87468  74.0171  30.8976 0069658   5.8957 354.3022 14.80273616146026
UNKNOWN                 
1 87491U          19284.07107113  .00001588  00000+0  41370-3 0  9992
2 87491  98.6712 323.2191 0073753 205.6945 154.0576 14.49428463254409
UNKNOWN                 
1 87501U          19285.46892941  .00003248  00000+0  10746-2 0  9995
2 87501  74.0358 100.4446 0024896  11.7460 348.4270 14.38169645143101
UNKNOWN                 
1 87517U          19292.15414532 -.00000277  00000+0 -51881-4 0  9990
2 87517  65.8287 204.8188 0741533 293.2132 128.8024 13.45096350289697
UNKNOWN                 
1 87518U          19291.19886621  .00025135  00000+0  87172-3 0  9995
2 87518  65.7918 129.5291 0013021 281.5674  78.4004 15.29685252323147
UNKNOWN                 
1 87520U          19291.80875864  .00001547  00000+0  37396-2 0  9996
2 87520 101.6077 274.3253 0156048 187.6698 172.2022 13.19834212283307
UNKNOWN                 
1 87521U          19282.38440837  .00002462  00000+0  46196-3 0  9994
2 87521  63.4053  56.3873 2338819 310.9268  31.1002 10.44195432174339
UNKNOWN                 
1 87541U          19289.21176735  .00000213  00000+0  50626-3 0  9993
2 87541  99.9200 197.5405 0059792 278.5477 240.0715 13.34810445281855
UNKNOWN                 
1 87553U          19292.54995113  .00000047  00000-0  49393-4 0  9991
2 87553  65.6735 316.1934 0736137 139.4268 226.4114 13.41371834289171
UNKNOWN                 
1 87556U          19274.47136933  .00001427  00000+0  14023-3 0  9996
2 87556  97.8435   0.3453 0101811 229.7033 129.5254 14.90013676276248
UNKNOWN                 
1 87557U          19283.60784882  .00000536  00000+0  16608-2 0  9994
2 87557 101.8504 214.3507 0066376 249.9561 109.4389 13.10800802268215
UNKNOWN                 
1 87561U          19291.40742196 -.00000122  00000+0 -60612-3 0  9996
2 87561 102.2836 354.5949 0174411  66.0104 358.7511 12.32218492265642
UNKNOWN                 
1 87565U          19292.15828588 -.00000131  00000+0 -47459-4 0  9998
2 87565  99.9600  52.7210 0183847  94.2798 267.9394 14.00257353301670
UNKNOWN                 
1 87569U          19292.47691066 -.00000039  00000+0  41898-4 0  9993
2 87569 101.8083  15.2538 0055822   4.4434  54.2648 12.68463391273658
UNKNOWN                 
1 87574U          19288.09526111  .00005232  00000+0  87223-3 0  9990
2 87574  74.0034  78.1362 0063655 295.2782  64.1800 14.68905677201205
UNKNOWN                 
1 87587U          19291.33619719  .00000023  00000+0  15951-4 0  9995
2 87587  74.0225 292.8282 0020261 156.5888 203.6193 14.38800549310495
UNKNOWN                 
1 87590U          19287.88817451  .00000245  00000+0  17197-3 0  9996
2 87590  99.0560 317.9149 0028239 122.8867   1.6751 14.07390288838430
UNKNOWN                 
1 87591U          19292.30351614  .00000768  00000+0  38289-3 0  9999
2 87591  81.2204 296.3428 0028701 145.2892 215.0163 14.15838450254707
UNKNOWN                 
1 87594U          19291.75410317  .00000012  00000+0  17342-3 0  9995
2 87594  63.1350  33.6477 0088264  86.2379 274.8732 13.44764440289960
UNKNOWN                 
1 87616U          19290.87483642  .00000738  00000+0  27278-2 0  9996
2 87616  66.0392 237.2868 0636772  13.7956  16.0410 12.44425076256329
UNKNOWN                 
1 87624U          19292.21455561  .00000304  00000+0  80199-4 0  9996
2 87624  98.7704  90.1495 0130002 275.0615  83.5751 14.52095525253214
UNKNOWN                 
1 87642U          19290.34512081  .00004859  00000+0  32907-3 0  9991
2 87642  62.2312 226.2682 0176569 355.8244   4.1360 14.96070850313863
UNKNOWN                 
1 87656U          19292.35131647  .00001964  00000+0  50329-3 0  9996
2 87656  99.1381 337.6967 0012949 292.2731  67.7088 14.51555624673186
UNKNOWN                 
1 87664U          19291.12428023 -.00000371  00000+0 -90757-3 0  9998
2 87664  99.7642 352.6083 0218726  85.5046 306.8746 13.05962856247889
UNKNOWN                 
1 87672U          19291.86692331  .00000716  00000+0  36814-3 0  9998
2 87672  70.8593 124.5544 0062544  66.4211 294.3463 14.17732008305316
UNKNOWN                 
1 87681U          19291.76105711  .00000510  00000+0  63539-3 0  9994
2 87681  66.7392 354.0442 0168990 205.7738 153.4837 13.66591833294463
UNKNOWN                 
1 87690U          19292.39226151  .00000206  00000+0  59544-4 0  9990
2 87690  65.7996 283.6631 0671428  83.4305 284.2688 13.76826818296559
UNKNOWN                 
1 87692U          19292.21266926  .00012209  00000+0  13211-2 0  9992
2 87692  70.8629 329.1642 0027732 280.3179  79.4854 14.88120727316067
UNKNOWN                 
1 87706U          19292.56335744  .00000303  00000-0  86603-4 0  9991
2 87706  98.4868  35.6529 0136457 274.1551 153.4117 14.47407578252530
UNKNOWN                 
1 87725U          19292.41346371  .00001961  00000+0  67152-3 0  9991
2 87725  82.8981 347.9412 0029865 280.2713  79.5109 14.35603574308785
UNKNOWN                 
1 87727U          19290.49193068  .00004926  00000+0  10269-2 0  9992
2 87727  70.9871 344.5585 0015123   2.0704 358.0502 14.60367761312521
UNKNOWN                 
1 87730U          19287.24673957  .00000037  00000+0  22778-4 0  9994
2 87730  82.9409  99.3625 0030525 154.9726 205.2917 13.74138415276099
UNKNOWN                 
1 87732U          19292.29181743  .00014291  00000+0  96145-3 0  9999
2 87732  98.7050 104.5668 0063182 359.5788   0.5371 15.05222371228863
UNKNOWN                 
1 87737U          19290.37996444 -.00000038  00000+0  94683-5 0  9995
2 87737  99.6955 141.8106 0132870 257.6840 100.9404 13.71972349295528
UNKNOWN                 
1 87764U          19291.23519958  .00000172  00000+0  66592-4 0  9997
2 87764  65.6777  13.6170 0481202 104.3687 292.4727 14.03124555301766
UNKNOWN                 
1 87771U          19292.17059209 -.00000004  00000+0  10084-3 0  9996
2 87771 100.5506  62.4688 0120405  63.5689 297.7722 13.18966370238870
UNKNOWN                 
1 87782U          19290.24902641  .00001479  00000+0  58814-2 0  9999
2 87782 102.4486 222.0069 0072039  50.3572 310.3845 12.88969352277343
UNKNOWN                 
1 87784U          19291.07122471  .00036779  00000+0  17921-2 0  9993
2 87784  62.1612 172.4438 1308013 217.8061 132.3684 12.81060072118637
UNKNOWN                 
1 87817U          19292.29497872  .00001270  00000+0  11643-3 0  9999
2 87817  62.7676 247.3533 0135209 237.3520 121.4471 14.93930205349266
UNKNOWN                 
1 87818U          19291.34015644  .00008469  00000+0  14550-2 0  9994
2 87818  61.8871  31.7059 3903723 133.3687 266.6865  7.50443775110078
UNKNOWN                 
1 87824U          19279.98621634  .00013469  00000+0  35433-2 0  9998
2 87824  51.7563 142.5933 3922391 175.4462 189.7099  7.41625713127226
UNKNOWN                 
1 87841U          19292.49370001  .00000566  00000+0  32885-3 0  9990
2 87841 102.8865 163.1742 0195754 159.1231 201.8055 14.06215322302537
UNKNOWN                 
1 87843U          19283.01816445  .00000265  00000+0  76744-3 0  9995
2 87843  99.6630 209.2290 0238746 211.2296 147.4444 13.09409019268406
UNKNOWN                 
1 87845U          19292.23474222  .00000216  00000+0  48543-3 0  9996
2 87845  98.8452 308.9445 0592652 357.5013   2.3166 12.83762237276550
UNKNOWN                 
1 87848U          19291.63643994  .00000133  00000+0  30263-4 0  9995
2 87848  74.0169  20.9276 0021108 230.0621 129.8693 14.65593599315807
UNKNOWN                 
1 87878U          19292.06946779  .00000458  00000+0  20187-3 0  9996
2 87878  99.1780 248.5126 0041819 289.4158  70.2504 14.28130174289820
UNKNOWN                 
1 87883U          19289.34262332  .00000040  00000+0  34497-4 0  9992
2 87883  99.3343 135.3588 0297938 206.4498 152.1201 14.11859183254667
UNKNOWN                 
1 87884U          19292.29116237  .00000217  00000+0  14607-3 0  9999
2 87884  98.5072 114.7168 0156130 278.7180  79.6332 14.04310841302950
UNKNOWN                 
1 87898U          19292.31485205  .00000930  00000+0  36640-3 0  9994
2 87898  98.9449 122.6640 0137210 326.0609  33.1848 14.26704104306630
UNKNOWN                 
1 87934U          19292.35835826  .00000037  00000+0  23149-4 0  9996
2 87934  82.9351 159.2332 0031110 156.9582 327.2071 13.72761448296088
UNKNOWN                 
1 87942U          19290.48724907  .00000677  00000+0  81982-4 0  9993
2 87942  99.1027 117.8617 0149394  60.4269 330.4755 14.80321700312018
UNKNOWN                 
1 87970U          19290.33169984  .00012255  00000+0  74233-3 0  9991
2 87970  99.0352  66.0398 0045655 159.9194 200.3840 15.09903152268891
UNKNOWN                 
1 87972U          19292.53696237  .00002799  00000-0  10639-2 0  9995
2 87972  98.8070 198.6018 0177243  90.6976 271.4514 14.23488028254747
UNKNOWN                 
1 87991U          19269.54512315 -.00000893  00000-0 -19760-2 0  9994
2 87991  28.6199   5.7793 0917843 143.8072 222.8225 12.29121109243223
UNKNOWN                 
1 87997U          19291.96304827  .00065036  35955-5  22153-2 0  9998
2 87997  63.1701 132.6051 1636209  13.2609 350.6468 12.18529901235253
UNKNOWN                 
1 87998U          19281.34906124  .00000074  00000+0  68706-4 0  9992
2 87998  98.8170 336.5691 0028916 152.9642 207.3041 14.07682897231021
UNKNOWN                 
1 88028U          19289.48849588 -.00000110  00000+0  20597-3 0  9997
2 88028  21.3592 350.1529 7081205  29.5788 356.3603  2.44185640 47569
UNKNOWN                 
1 88049U          19288.45807905 -.00000163  00000+0 -35634-2 0  9999
2 88049  64.6006  63.3801 5437977  55.7386   1.1893  4.30587539 92704
UNKNOWN                 
1 88079U          19291.31499650  .00013191  00000+0  17359-2 0  9992
2 88079  20.7039 294.0675 4830806 153.5479 242.4755  5.91941764 92254
UNKNOWN                 
1 88096U          19289.32404094  .00011636  00000+0  59161-2 0  9996
2 88096  64.9043 196.9464 5259607 158.7597 235.5396  5.10522541139599
UNKNOWN                 
1 88107U          19292.02403195  .00002950  00000+0  45295-2 0  9993
2 88107  20.5872 243.6426 6761336 330.3988   4.3259  2.87494288 42486
UNKNOWN                 
1 88110U          19290.57319025  .00503556  00000+0  90125-2 0  9993
2 88110  23.7820  47.3897 3869659 231.0899  87.6123  7.77751118 71018
UNKNOWN                 
1 88117U          19291.58073281 -.00000694  00000+0 -69516-3 0  9991
2 88117  20.4061 312.2039 4908012 133.0751 280.1367  5.58529366 91864
UNKNOWN                 
1 88138U          19292.32787128  .00000415  00000+0  30060-3 0  9990
2 88138  82.5156 306.2261 0024639 300.7369 116.6682 13.94329603300147
UNKNOWN                 
1 88173U          19289.60445669  .00000671  00000+0  49715-3 0  9998
2 88173  99.1522 214.8312 0157386 135.3435 226.0527 13.92934029287476
UNKNOWN                 
1 88203U          19291.48256075  .00006241  00000+0  17544-2 0  9995
2 88203  64.7065 311.0357 5909856  10.0657 357.9734  4.15651153 53087
UNKNOWN                 
1 88216U          19292.24903315  .00000632  00000+0  20108-2 0  9998
2 88216  21.7824 152.5179 6658955  21.6900 356.8350  2.97529959 47775
UNKNOWN                 
1 88230U          19291.25225077  .00021787  00000+0  12950-1 0  9995
2 88230  49.0758 243.6893 5598136  23.5774 354.3441  4.57074421 74173
UNKNOWN                 
1 88238U          19291.33494074  .00000200  00000+0  49683-3 0  9999
2 88238  21.6982 298.5032 7038033 111.7027 332.8015  2.53229485 47813
UNKNOWN                 
1 88241U          19291.09561209  .00020112  00000+0  31249-2 0  9993
2 88241  62.4579 181.3112 4104361 137.7988 262.4807  7.15776349118926
UNKNOWN                 
1 88255U          19291.25372328  .00016635  00000+0  83464-3 0  9990
2 88255  20.3423 306.8851 4823098 150.9783 247.6392  6.00144184 98538
UNKNOWN                 
1 88269U          19291.57645634  .00000029  00000+0  00000+0 0  9994
2 88269  62.8928 232.2170 4668069 270.8964 281.6991  5.35420249115694
UNKNOWN                 
1 88270U          19292.30142561  .00000232  00000+0  12775-2 0  9990
2 88270  49.2642  28.5448 6502831 290.0105  14.0783  3.14125716 53200
UNKNOWN                 
1 88271U          19290.21434649 -.00000023  00000+0 -12626-1 0  9994
2 88271  64.1294 171.7402 5468152 262.6107 327.3703  3.90219341 84178
UNKNOWN                 
1 88288U          19289.37979493  .00230646  00000+0  84425-2 0  9999
2 88288  20.7012 106.2945 4774055 205.5328 120.1634  6.10480570  2978
UNKNOWN                 
1 88313U          19292.18757444  .00006972  00000+0  51800-2 0  9995
2 88313  20.2932 281.7556 6863087 261.8641  21.5202  2.77849115 58529
UNKNOWN                 
1 88323U          19290.90880261  .00000088  00000+0  00000+0 0  9993
2 88323  17.8524 195.4325 6638283 133.0618 306.0234  1.96383073 33071
UNKNOWN                 
1 88342U          19290.77780783  .00001325  00000+0  86140-3 0  9995
2 88342  20.8790 148.4126 5213083 186.6690 162.0640  5.15274784 80951
UNKNOWN                 
1 88355U          19291.87703103 -.00000159  00000+0  00000+0 0  9994
2 88355  20.1690 229.2579 6955501 337.2913   2.9877  2.24712807 35109
UNKNOWN                 
1 88700U          19290.07412563 -.00000779  00000+0  00000+0 0  9994
2 88700  71.3021 223.3855 6420129 161.8339 240.4726  2.03938320163579
UNKNOWN                 
1 88703U          19292.00872659  .00000618  00000+0  00000+0 0  9999
2 88703  71.5684 190.4838 5875538 220.0160  77.1524  2.00659415 43313
UNKNOWN                 
1 88710U          19292.50898191  .00000015  00000+0 -33756-4 0  9992
2 88710  63.5492 292.8043 5704443 250.8674 267.7264  4.16143492 89760
UNKNOWN                 
1 88716U          19287.07426356  .00000040  00000+0  33118-3 0  9992
2 88716  63.6394 307.3127 3888645 319.3757  30.9499  6.85077009147483
UNKNOWN                 
1 89003U          19291.34300327  .00000049  00000+0  26338-4 0  9992
2 89003  74.0475 171.4343 0015023  61.9534 298.3136 14.34604106309150
UNKNOWN                 
1 89005U          19292.14760421  .00000396  00000+0  11941-3 0  9996
2 89005  97.8898 263.9755 0223885   4.6760 355.6447 14.34030268211347
UNKNOWN                 
1 89029U          19289.30667902  .00000240  00000+0  40738-4 0  9991
2 89029  98.2599 107.4220 0031864  39.6409 320.7122 14.78074909317828
UNKNOWN                 
1 89037U          19286.86565945  .00000542  00000+0  34923-3 0  9995
2 89037  98.4092 304.0901 0142149  64.6662 296.9151 14.01837987205984
UNKNOWN                 
1 89048U          19292.25044330  .00002124  00000+0  53313-3 0  9999
2 89048  98.9196 103.4157 0013739 314.0114  45.9947 14.52403710311078
UNKNOWN                 
1 89067U          19291.17517390  .00002942  00000+0  10008-3 0  9993
2 89067  80.9920 204.7978 0618194 265.9943  87.0400 14.34126184257360
UNKNOWN                 
1 89074U          19290.35709227  .00001098  00000+0  13809-2 0  9994
2 89074 100.3037 244.4205 0057086 285.4434 229.5880 13.66000136281361
UNKNOWN                 
1 89091U          19292.17565383  .00000181  00000+0  16577-3 0  9996
2 89091  82.9429 241.8165 0029672 213.2115 146.7182 13.77824461277010
UNKNOWN                 
1 89101U          19292.23245604  .00000370  00000+0  12295-2 0  9998
2 89101 100.2209 296.9996 0148459  96.9762 264.8255 13.03565730262101
UNKNOWN                 
1 89123U          19291.14012926  .00001039  00000+0  54019-3 0  9994
2 89123  99.0807 357.4449 0067714 171.6932 188.5378 14.15804458208266
UNKNOWN                 
1 89127U          19291.18514463  .00001933  00000+0  23236-3 0  9995
2 89127  74.0715 115.8105 0046170  34.3404 326.0743 14.83973032157907
UNKNOWN                 
1 89132U          19290.48816637  .00000085  00000+0  10698-3 0  9996
2 89132  63.3703 106.6699 3068852 316.5987  22.9766  8.71197120128004
UNKNOWN                 
1 89135U          19264.08932436  .00001101  00000+0  57395-3 0  9997
2 89135  71.0364  51.9300 0135923 116.4253 245.0890 14.11993805300060
UNKNOWN                 
1 89140U          19291.48046249  .00008903  00000+0  30764-2 0  9992
2 89140  98.7753 308.2445 0009998 285.2450  74.7630 14.35970919166200
UNKNOWN                 
1 89143U          19292.20499023  .00064630  00000+0  25107-1 0  9991
2 89143  65.1296 177.9512 0684321  27.0577 336.4464 13.45743041 84868
UNKNOWN                 
1 89146U          19291.34481398  .00000329  00000+0  93549-4 0  9997
2 89146  98.0870 245.7590 0121089 133.2457 227.8921 14.47211076302841
UNKNOWN                 
1 89158U          19292.04756736  .00002326  00000+0  29198-3 0  9996
2 89158  98.8260 238.3445 0097361 218.8362 140.5824 14.80036901157415
UNKNOWN                 
1 89161U          19292.40807754  .00000545  00000+0  85683-4 0  9990
2 89161  97.8491 345.1932 0134926 228.0625 130.9018 14.70765268215547
UNKNOWN                 
1 89171U          19291.16529685  .00003492  00000+0  37194-3 0  9994
2 89171  99.0163  10.4380 0064453 299.9993  59.4834 14.88228006218692
UNKNOWN                 
1 89172U 81053    19290.40039220  .00000552  00000+0  13329-3 0  9997
2 89172  82.0663  80.1110 0420158  71.7289 292.9120 14.08959571283006
UNKNOWN                 
1 89177U          19287.87166429  .00000057  00000+0  45306-4 0  9995
2 89177  82.9199 137.3166 0031401 283.0763  76.6887 13.73365521753987
UNKNOWN                 
1 89183U          19291.66737468  .00000212  00000+0  23368-3 0  9997
2 89183  99.1372 232.8845 0134786   2.7125 357.4729 13.78855363297082
UNKNOWN                 
1 89184U          19292.29380865  .00000912  00000+0  31772-3 0  9998
2 89184  98.5090 122.7295 0019666 113.0060 247.3203 14.37596250167096
UNKNOWN                 
1 89190U          19274.39067130  .00019701  00000+0  14315-2 0  9992
2 89190  98.6400  73.4817 0066392  64.5624 296.2448 15.02116266214236
UNKNOWN                 
1 89195U          19291.93606824  .00000704  00000+0  33144-3 0  9990
2 89195  98.8428 342.1078 0028718 273.2705  86.5187 14.22954502207334
UNKNOWN                 
1 89206U          19290.50846968  .00001022  00000+0  46583-3 0  9995
2 89206  98.7617 304.7494 0030153 231.2902 128.5579 14.23602400165200
UNKNOWN                 
1 89213U          19292.08780725  .00000141  00000+0  11971-3 0  9990
2 89213  98.8122 240.7809 0234180 142.0324 219.7606 13.88917028140608
UNKNOWN                 
1 89218U          19290.15271443  .00000850  00000+0  84529-3 0  9999
2 89218 100.3512 357.5313 0100070  19.8069 340.6923 13.79410933283156
UNKNOWN                 
1 89255U          19292.38777793  .00000127  00000+0  21409-3 0  9991
2 89255  98.6510 350.5233 0363403  10.0344 350.7797 13.36795152194657
UNKNOWN                 
1 89261U          19290.09863513  .00000113  00000+0  50180-4 0  9994
2 89261  98.3385 344.4707 0014671 108.5351 251.7433 14.38975902210157
UNKNOWN                 
1 89269U          19270.79105253  .06308436  76980-5  34446-2 0  9993
2 89269  64.1918 185.5520 0068243 288.2685  71.1064 16.13609734189842
UNKNOWN                 
1 89281U          19288.29186521  .00001298  00000+0  41198-3 0  9995
2 89281  99.3517 303.7682 0017367 336.7436  79.6147 14.41851492309172
UNKNOWN                 
1 89285U          19292.40011135  .00030523  00000+0  19064-2 0  9994
2 89285  62.9259  23.5045 2460849  49.3855 329.6498 10.38846431107369
UNKNOWN                 
1 89291U          19274.21645746  .00001247  00000+0  13847-3 0  9996
2 89291  98.0186  12.6982 0129118 230.0349 128.9468 14.83326599211422
UNKNOWN                 
1 89314U          19289.96449171  .00000442  00000+0  10841-2 0  9990
2 89314  19.3772  41.0310 7166604 342.1146   2.1261  2.35902272 33905
UNKNOWN                 
1 89327U          19289.88066720  .00000340  00000+0  28431-3 0  9992
2 89327  82.5320 336.9313 0011517  26.9524 333.2233 13.85681905162747
UNKNOWN                 
1 89341U          19292.03749889  .00008405  00000+0  26785-3 0  9993
2 89341  98.1443 226.9755 0011295 203.4630 156.6096 15.32780115275402
UNKNOWN                 
1 89347U          19292.20626455  .00004420  00000+0  95293-3 0  9994
2 89347  86.2867 248.1863 0025652 313.8052 110.8233 14.58036009168676
UNKNOWN                 
1 89349U          19290.48613771 -.00000166  00000+0 -61330-3 0  9991
2 89349  90.2976 313.1213 0032509  49.9044 311.1051 12.95407804 87604
UNKNOWN                 
1 89379U          19290.41207358  .00000599  00000+0  10710-2 0  9990
2 89379 100.4735 142.9064 0041301 163.5287 196.7194 13.46437788276963
UNKNOWN                 
1 89381U          19292.04960251  .00004531  00000+0  95669-3 0  9999
2 89381  98.7978  24.6610 0081318 256.6447 102.5674 14.57858882147073
UNKNOWN                 
1 89389U          19291.07744082  .00001068  00000+0  17231-3 0  9992
2 89389  74.0498 161.9826 0083809  69.6709 291.3443 14.70459580211260
UNKNOWN                 
1 89390U          19291.90189391  .00002946  00000+0  32922-3 0  9992
2 89390  98.9758 333.4413 0041944 272.3637  87.2774 14.87294604298537
UNKNOWN                 
1 89391U          19292.40961063  .00000984  00000+0  10049-3 0  9999
2 89391  97.4111 139.2205 0208502 324.1926  34.5454 14.78122536 92927
UNKNOWN                 
1 89395U          19286.17403891  .00000149  00000+0  21735-2 0  9996
2 89395 102.4510 353.0739 0223236 357.2353  25.6189 12.01136059254263
UNKNOWN                 
1 89410U          19291.41844708  .00000260  00000+0  25291-3 0  9999
2 89410  82.9411  93.5189 0028633 136.6539 223.6877 13.75745518278030
UNKNOWN                 
1 89438U          19290.11153213  .00006189  00000+0  59687-3 0  9991
2 89438  86.3709 226.7234 0014973 274.9279  85.0240 14.92658564210717
UNKNOWN                 
1 89453U          19292.36816971  .00001724  00000+0  13277-3 0  9999
2 89453  97.2982 148.4395 0153963 209.7592 149.4807 14.93980267170698
UNKNOWN                 
1 89460U          19291.30320623  .00000521  00000+0  11222-2 0  9995
2 89460 100.3117  49.6833 0058265 228.4827 131.1289 13.34546608133039
UNKNOWN                 
1 89483U          19291.87603912  .00001118  00000+0  13398-3 0  9997
2 89483  99.4780 167.9545 0273646  65.7693 297.1840 14.63582629167407
UNKNOWN                 
1 89490U          19291.25233912  .00001310  00000+0  66977-3 0  9991
2 89490  98.3549 304.8232 0131532 293.6993  65.0425 14.12814654161329
UNKNOWN                 
1 89492U          19283.16115716  .00000707  00000+0  53127-3 0  9997
2 89492  82.5249  87.6926 0028292 306.6389  53.2175 13.93054954252746
UNKNOWN                 
1 89493U          19292.27274630  .00000559  00000+0  35855-3 0  9994
2 89493  99.1896 306.0429 0093310 198.0380 161.7468 14.05435358147638
UNKNOWN                 
1 89494U          19291.84987800  .00000406  00000+0  26777-3 0  9991
2 89494  99.1897 305.6279 0093512 199.2545 160.5079 14.05422368147438
UNKNOWN                 
1 89496U          19290.83665454  .00002618  00000+0  36454-3 0  9999
2 89496  98.8813 247.2125 0098014 282.0224  77.0011 14.75564892146727