ISS (ZARYA)             
1 25544U 98067A   19292.83404414  .00000106  00000-0  98446-5 0  9994
2 25544  51.6434 103.1946 0007016 165.1792 334.9761 15.50203886194593
ALTAIR PATHFINDER       
1 42711U 98067LS  19292.67823505  .00097689  14891-4  26527-3 0  9995
2 42711  51.6310   7.1861 0004760 345.4235  14.6634 15.94122507138607
NSIGHT                  
1 42726U 98067MF  19292.78686679  .00032666  00000-0  20239-3 0  9993
2 42726  51.6337  36.9664 0005030 304.3297  55.7227 15.76725767137202
KESTREL EYE IIM (KE2M)  
1 42982U 98067NE  19292.76702159  .00009542  00000-0  10257-3 0  9993
2 42982  51.6370  69.9937 0003802 247.6601 112.3991 15.64512869113177
ASTERIA                 
1 43020U 98067NH  19292.48689428  .00030925  00000-0  19896-3 0  9996
2 43020  51.6421  50.2771 0001619 279.4616  80.6201 15.75907875109184
DELLINGR (RBLE)         
1 43021U 98067NJ  19292.58950956  .00009529  00000-0  10067-3 0  9992
2 43021  51.6379  70.3596 0001959 208.7902 151.2986 15.64957999108921
1KUNS-PF                
1 43466U 98067NP  19292.58562370  .00028192  00000-0  22432-3 0  9990
2 43466  51.6357  68.7657 0001234 275.1645  84.9211 15.70975493 82208
UBAKUSAT                
1 43467U 98067NQ  19291.90534161  .00016096  00000-0  16273-3 0  9999
2 43467  51.6362  79.9985 0002033 179.4984 180.6013 15.65479756 82000
BATSU-CS1 (IRAZU)       
1 43468U 98067NR  19292.34280768  .00048458  00000-0  30284-3 0  9995
2 43468  51.6367  63.3241 0001869 294.8068  65.2738 15.76352243182241
CUBERRT                 
1 43546U 98067NU  19291.52617622  .00009334  00000-0  90994-4 0  9999
2 43546  51.6370  81.2167 0003733 233.2765 126.7888 15.67029625 72085
TEMPEST-D               
1 43547U 98067NV  19292.84131071  .00004653  00000-0  64659-4 0  9993
2 43547  51.6378  88.5233 0005185 220.5034 139.5573 15.59161313 71780
RAINCUBE                
1 43548U 98067NW  19292.70895563  .00015281  00000-0  16292-3 0  9990
2 43548  51.6359  81.5989 0005082 238.6136 121.4362 15.64168370 72312
HALOSAT                 
1 43549U 98067NX  19291.56949440  .00013351  00000-0  14409-3 0  9992
2 43549  51.6367  87.5138 0004771 236.7160 123.3378 15.63991122 71690
RADIX                   
1 43550U 98067NY  19291.95893849  .00040976  00000-0  30717-3 0  9991
2 43550  51.6334  75.0001 0004365 267.0910  92.9589 15.72194593 72352
ENDUROSAT ONE           
1 43551U 98067NZ  19291.89536726  .00020718  00000-0  20117-3 0  9998
2 43551  51.6362  82.1832 0005344 249.4357 110.6066 15.66281759 72208
EQUISAT                 
1 43552U 98067PA  19292.82342246  .00016640  00000-0  17530-3 0  9999
2 43552  51.6380  80.1730 0005627 249.5587 110.4804 15.64393798 72274
1998-067PB              
1 43553U 98067PB  19291.63830778  .00011849  00000-0  13576-3 0  9992
2 43553  51.6399  88.8097 0005831 240.3715 119.6699 15.62575066 72108
1998-067PC              
1 43554U 98067PC  19291.45527841  .00021960  00000-0  20900-3 0  9991
2 43554  51.6361  83.7412 0005416 246.9347 113.1078 15.66740592 71689
AEROCUBE 12A            
1 43556U 18046C   19292.14871627  .00000706  00000-0  37257-4 0  9992
2 43556  51.6419 189.1228 0008761 144.1387 216.0183 15.29012570 70293
AEROCUBE 12B            
1 43557U 18046D   19292.82746247  .00000588  00000-0  33301-4 0  9991
2 43557  51.6426 186.1484 0008672 146.5368 213.6161 15.28852645 70348
LEMUR-2-VU              
1 43558U 18046E   19292.14308118  .00001897  00000-0  77046-4 0  9996
2 43558  51.6401 187.6293 0007984 145.8750 214.2745 15.29823713 70304
LEMUR-2-ALEXANDER       
1 43559U 18046F   19291.80086823  .00003032  00000-0  11533-3 0  9996
2 43559  51.6405 189.0999 0008012 145.9623 214.1872 15.29929892 70036
LEMUR-2-YUASA           
1 43560U 18046G   19292.34576743  .00001226  00000-0  54289-4 0  9992
2 43560  51.6402 186.7244 0008147 158.5963 201.5359 15.29748607 70334
LEMUR-2-TOMHENDERSON    
1 43561U 18046H   19292.34582409  .00000886  00000-0  42744-4 0  9993
2 43561  51.6402 186.7264 0008004 158.7166 201.4149 15.29689942 69897
SIRIUSSAT-1             
1 43595U 98067PG  19292.77907894  .00016338  00000-0  17547-3 0  9998
2 43595  51.6352  82.7985 0003268 216.8144 143.2626 15.63926874 67080
SIRIUSSAT-2             
1 43596U 98067PH  19292.43884406  .00016826  00000-0  18182-3 0  9993
2 43596  51.6362  85.0752 0003771 214.9773 145.0974 15.63743074 67025
TANUSHA-3               
1 43597U 98067PJ  19292.73406154  .00020703  00000-0  20152-3 0  9996
2 43597  51.6345  80.2100 0003406 237.1117 122.9551 15.66229282 67113
1998-067PK              
1 43598U 98067PK  19292.58712995  .00022301  00000-0  21402-3 0  9998
2 43598  51.6353  80.7588 0003583 234.3562 125.7100 15.66530429 67093
1998-067PN              
1 43638U 98067PN  19292.64607098  .00008009  00000-0  10535-3 0  9991
2 43638  51.6371  90.9650 0002664 194.5231 165.5686 15.59482208 58881
1998-067PP              
1 43639U 98067PP  19291.64633252  .00012634  00000-0  15070-3 0  9990
2 43639  51.6376  93.3026 0005050 197.5894 162.4926 15.61456174 58778
STARS-ME                
1 43640U 98067PQ  19292.60506195  .00008521  00000-0  10836-3 0  9999
2 43640  51.6365  89.9291 0005202 195.9873 164.0956 15.60282607 58904
ISS DEB (SEDA-AP)       
1 43870U 98067PU  19292.63279224  .00002989  00000-0  49031-4 0  9999
2 43870  51.6419  96.8836 0004035 208.8082 151.2690 15.56015849 46974
CATSAT-2                
1 44029U 98067PV  19291.59811453  .00008441  00000-0  11482-3 0  9993
2 44029  51.6379 100.4937 0004463 239.5157 120.5395 15.58492337 40573
DELPHINI                
1 44030U 98067PW  19292.66904123  .00011979  00000-0  15845-3 0  9998
2 44030  51.6363  94.8676 0004418 241.9579 118.0967 15.58776326 40715
UNITE                   
1 44031U 98067PX  19292.67307930  .00007482  00000-0  10790-3 0  9991
2 44031  51.6386  96.4075 0003023 235.5946 124.4760 15.57101880 40695
TECHEDSAT 8             
1 44032U 98067PY  19291.92587940  .00039031  00000-0  38607-3 0  9992
2 44032  51.6361  92.9009 0003871 245.2508 114.8085 15.65455420 40650
CATSAT-1                
1 44033U 98067PZ  19291.59794397  .00007996  00000-0  10912-3 0  9996
2 44033  51.6381 100.4938 0004238 239.0216 121.0360 15.58493128 40480
CYGNUS NG-11            
1 44188U 19022A   19292.93789764  .00002235  00000-0  46834-4 0  9996
2 44188  51.6400 102.6854 0006659 168.1380 191.9825 15.50207658 28589
ISS DEB                 
1 44303U 98067QA  19292.83242832  .00004101  00000-0  73595-4 0  9998
2 44303  51.6411 101.9940 0006383 148.3261 211.8114 15.52351390 22201
ISS DEB                 
1 44304U 98067QB  19292.62103010  .00012390  00000-0  19363-3 0  9991
2 44304  51.6401 102.0879 0006573 133.9466 226.2068 15.54184191 22193
ISS DEB                 
1 44305U 98067QC  19292.11811271  .00013785  00000-0  20859-3 0  9992
2 44305  51.6374 103.9354 0005401 180.8244 179.2739 15.54970258 22127
ISS DEB                 
1 44306U 98067QD  19292.71597461  .00003844  00000-0  69754-4 0  9994
2 44306  51.6398 102.6982 0007761 144.9924 215.1577 15.52228383 22194
RAAVANA-1               
1 44329U 98067QE  19292.84391897  .00007980  00000-0  13065-3 0  9996
2 44329  51.6402 101.3106 0007292 178.1720 181.9298 15.53467994 19393
UGUISU                  
1 44330U 98067QF  19292.84706899  .00007998  00000-0  13114-3 0  9994
2 44330  51.6397 101.3311 0007273 176.8641 183.2397 15.53423737 19372
NEPALISAT-1             
1 44331U 98067QG  19292.84113566  .00008223  00000-0  13423-3 0  9993
2 44331  51.6398 101.2923 0007359 179.5863 180.5135 15.53501888 19388
SPOOQY-1                
1 44332U 98067QH  19291.55193924  .00008104  00000-0  13243-3 0  9995
2 44332  51.6392 107.6802 0006189 175.9972 184.1069 15.53499981 19140
PINOT                   
1 44364U 98067QJ  19292.85645932  .00002576  00000-0  49496-4 0  9992
2 44364  51.6443 102.1310 0008523 144.9157 215.2396 15.52101563 17794
IOD-1 GEMS              
1 44385U 98067QK  19292.74241689  .00013032  00000-0  20793-3 0  9991
2 44385  51.6411 102.1457 0003873 146.3728 213.7509 15.53563426 16831
SWIATOWID               
1 44426U 98067QL  19292.70208572  .00012423  00000-0  19882-3 0  9997
2 44426  51.6418 102.3866 0005046 140.1143 328.7864 15.53525643 16848
KRAKSAT                 
1 44427U 98067QM  19292.70795299  .00005782  00000-0  99721-4 0  9996
2 44427  51.6410 102.6616 0004427 135.4126 224.7220 15.52613228 16888
VCC A                   
1 44428U 98067QN  19290.88739346  .00006845  00000-0  11512-3 0  9997
2 44428  51.6407 111.5043 0003792 146.6234 213.4995 15.52985952 16606
ENTRYSAT                
1 44429U 98067QP  19292.03896458  .00009035  00000-0  14835-3 0  9990
2 44429  51.6406 105.6912 0003592 143.0343 217.0895 15.53209703 16787
VCC C                   
1 44430U 98067QQ  19291.58877027  .00009458  00000-0  15436-3 0  9999
2 44430  51.6403 107.9380 0003731 152.3522 207.7667 15.53312880 15544
VCC B                   
1 44431U 98067QR  19290.88897146  .00006913  00000-0  11624-3 0  9994
2 44431  51.6403 111.5112 0004017 147.0682 213.0559 15.52974812 16544
SOYUZ-MS 13             
1 44437U 19041A   19290.55978435  .00000488  00000-0  16481-4 0  9998
2 44437  51.6428 114.4647 0007139 156.6842 243.0607 15.50202125 13794
PROGRESS-MS 12          
1 44455U 19047A   19290.55978435  .00000488  00000-0  16481-4 0  9994
2 44455  51.6428 114.4647 0007139 156.6842 243.0607 15.50202125 12108
HTV-8 (KOUNOTORI 8)     
1 44546U 19062A   19290.55978435  .00000488  00000-0  16481-4 0  9992
2 44546  51.6428 114.4647 0007139 156.6842 243.0607 15.50202125  3558
SOYUZ-MS 15             
1 44550U 19064A   19290.55978435  .00000488  00000-0  16481-4 0  9999
2 44550  51.6428 114.4647 0007139 156.6842 243.0607 15.50202125  3418